2000
1677 1731
7370 7372
5180 5277
137 167
3467 3470
1667 1679
3497 3548
96 112
4838 4914
7902 8001
4916 4993
4905 4943
7921 7966
8946 8947
830 917
8708 8735
4903 4986
1038 1062
9657 9678
9491 9543
2111 2172
5950 5968
2844 2847
2548 2588
5925 5991
5894 5994
8999 9021
3897 3990
8350 8378
4178 4221
3695 3768
6311 6409
7366 7369
4665 4713
9256 9299
1993 2033
8735 8828
6921 7000
9301 9306
510 590
3843 3916
2306 2390
7784 7808
6628 6630
2701 2703
9120 9139
4609 4618
849 870
8100 8153
4214 4274
4674 4745
7408 7481
8667 8713
4963 4982
254 291
4069 4160
6332 6428
6121 6151
9240 9292
2695 2765
1867 1897
9182 9209
4041 4129
5702 5751
9162 9210
9747 9810
3339 3412
5284 5330
2881 2933
2278 2366
5398 5448
933 957
2793 2882
5840 5918
3993 4061
4054 4142
1730 1824
2135 2212
514 520
73 123
2130 2214
2586 2676
6815 6863
5994 6051
507 510
4532 4581
5884 5972
3742 3761
9213 9235
6924 6988
6816 6851
4257 4312
7932 8018
992 1014
396 471
7588 7662
4743 4780
3515 3517
5099 5167
470 511
399 464
2635 2728
236 244
3517 3602
43 73
9841 9875
7057 7131
6087 6120
581 660
7551 7561
5456 5514
7211 7237
8012 8024
9738 9820
721 744
4296 4359
352 447
4241 4295
8806 8873
8726 8758
1645 1692
6371 6436
6700 6721
1519 1565
5800 5816
3093 3174
7311 7361
6806 6832
1216 1242
7488 7549
9151 9186
8781 8794
3274 3338
6075 6106
5337 5344
2650 2718
2436 2507
7514 7535
3646 3662
6267 6337
6297 6354
7734 7768
29 84
8874 8927
2861 2960
5164 5199
7903 7995
6174 6221
8720 8757
4224 4321
5424 5443
4071 4129
9209 9251
3761 3818
5130 5225
2615 2690
6068 6127
9560 9632
8037 8073
4067 4067
9447 9542
8510 8570
2284 2343
8376 8466
5492 5526
5799 5873
2410 2433
6713 6749
9176 9241
5142 5178
9799 9821
2319 2391
4142 4203
937 988
3920 3966
7773 7855
9508 9586
3459 3511
7682 7694
5062 5065
5550 5631
961 982
104 125
7053 7126
78 136
2154 2224
7181 7183
7607 7706
5112 5189
9731 9802
3288 3337
572 637
578 624
6958 7033
245 273
1485 1518
3167 3172
1978 1997
6774 6826
3954 3979
11 46
8062 8162
4527 4528
6971 7004
4491 4567
504 589
1946 2010
9524 9548
5268 5299
2476 2527
6222 6320
6769 6869
6207 6228
5310 5329
4150 4218
571 611
1648 1744
6536 6597
7223 7297
9303 9394
5936 5939
1377 1403
1501 1503
7151 7154
6046 6084
610 652
3447 3511
5906 5907
3678 3687
7573 7623
8255 8310
944 975
8573 8628
3693 3740
9439 9511
8958 8995
7608 7619
4836 4915
7983 8078
157 163
703 765
6263 6305
5168 5198
6074 6098
9247 9301
8425 8429
8277 8324
9681 9752
5243 5293
3776 3825
7004 7087
5251 5284
5675 5712
5294 5361
3782 3850
9392 9410
597 633
7896 7923
3304 3357
7393 7397
7345 7419
1651 1668
2373 2441
8056 8131
9221 9288
7130 7227
9529 9606
4211 4245
9352 9450
1226 1281
765 768
6881 6926
4090 4147
1493 1574
5982 6005
3300 3358
2937 2984
3876 3953
3980 4056
7343 7432
8684 8731
7297 7311
2510 2545
4829 4886
6729 6816
5315 5398
479 573
2846 2864
7286 7338
1441 1517
7592 7593
950 973
9705 9778
6535 6628
9586 9676
7463 7551
8691 8789
9764 9768
4984 5027
5099 5116
294 354
1338 1353
4283 4345
7651 7651
7300 7362
6456 6515
2882 2973
9808 9886
8670 8681
2032 2058
723 763
9503 9588
3550 3611
3269 3301
1633 1697
7331 7367
9724 9769
8568 8599
4420 4422
8452 8507
9777 9865
788 838
8910 8951
1898 1956
1292 1345
1904 1951
305 353
7225 7233
6531 6586
3148 3193
45 88
5695 5793
4567 4658
9397 9450
8073 8090
8900 8972
6129 6141
2570 2641
5725 5803
4236 4286
9269 9313
5827 5913
4501 4586
644 709
5391 5487
9814 9886
1844 1894
5841 5915
605 647
9603 9610
1613 1706
2412 2442
5101 5191
375 425
2275 2286
7119 7171
5033 5075
8406 8416
10 38
4074 4138
8444 8446
4264 4336
2379 2477
8545 8625
8734 8809
8558 8583
4634 4665
7509 7583
1165 1188
981 1022
265 265
267 326
8474 8493
6859 6932
4406 4455
2083 2096
432 437
3099 3155
1713 1724
6062 6122
2147 2221
6599 6670
1709 1737
2919 2945
2536 2617
6819 6914
1259 1274
1550 1611
3957 3968
6235 6259
7414 7433
1291 1319
2016 2100
5770 5843
4987 5087
6156 6162
3017 3062
4646 4686
1278 1344
3282 3309
704 728
8843 8886
3682 3713
1354 1437
3316 3407
4487 4562
6553 6593
412 498
7278 7372
1358 1419
2340 2384
1934 1994
7131 7153
4618 4696
2878 2976
8576 8621
5466 5475
3561 3635
3440 3517
4086 4123
7135 7157
4453 4497
3795 3808
4244 4252
251 306
8335 8401
7154 7169
7648 7654
5748 5812
7984 8005
4113 4194
2189 2255
2127 2200
6859 6956
2786 2788
6081 6087
3678 3703
9624 9626
6997 7081
122 165
2344 2414
4539 4585
9206 9239
2071 2097
6097 6185
5034 5104
7556 7637
6155 6169
4362 4437
7969 7988
4708 4751
4910 5003
3787 3840
1190 1194
2082 2170
5115 5168
2268 2350
3541 3552
5833 5929
441 536
2702 2771
8468 8493
55 102
5997 6019
574 650
6232 6324
6418 6446
6912 6982
3734 3778
8582 8665
1392 1492
1927 1992
8825 8882
5886 5892
5635 5687
5770 5772
5737 5811
4403 4499
3251 3334
3534 3610
2170 2233
3372 3414
617 711
4377 4416
8671 8750
5310 5398
7398 7428
159 241
2037 2122
4972 5040
3401 3410
7035 7051
5222 5246
6581 6645
4076 4158
7394 7457
6218 6234
7152 7180
6261 6313
137 234
4378 4436
449 507
9625 9643
5108 5132
1091 1126
3595 3617
5456 5509
5168 5175
9027 9089
3101 3184
2818 2827
1862 1898
2658 2748
42 54
2935 3022
328 381
4154 4232
7813 7872
7200 7213
2521 2583
2506 2535
5259 5354
604 699
2354 2363
8961 9048
651 721
5874 5952
1565 1631
6867 6924
6986 7043
5429 5432
3253 3292
8137 8167
9536 9598
7548 7556
6142 6157
2874 2959
5139 5213
1625 1656
4456 4469
1478 1490
3895 3903
2978 3011
2927 3008
8968 9032
9711 9753
4509 4509
5339 5351
3954 3995
1173 1179
5968 6024
1546 1637
7812 7846
442 523
1952 1986
4930 4932
8295 8298
276 353
9713 9729
9586 9637
1913 1978
5755 5825
9403 9434
4291 4312
2796 2891
6492 6552
9251 9341
4703 4790
1342 1398
2583 2621
4697 4720
7724 7733
4790 4796
5461 5532
1997 2045
6377 6425
8003 8076
1539 1576
8692 8774
2636 2675
4206 4296
252 320
6191 6244
6321 6421
4749 4822
3698 3744
9881 9887
2959 2965
8900 8930
801 837
8746 8794
217 234
1161 1183
7958 8051
3192 3292
2792 2836
6776 6830
9491 9531
9733 9735
4406 4474
8772 8842
5099 5110
233 238
2090 2126
4892 4953
474 529
8014 8093
7256 7332
5158 5247
4444 4457
1575 1614
3636 3681
2982 3022
9335 9358
723 796
5435 5455
6150 6238
3757 3807
6568 6597
1973 1974
7270 7282
2371 2437
9627 9630
8872 8930
457 478
3502 3503
6241 6318
6152 6166
9653 9734
2141 2238
1863 1929
585 666
4697 4738
7322 7380
3702 3721
2239 2290
6151 6166
9771 9794
9368 9385
8595 8661
841 915
4207 4307
9134 9193
3864 3911
7236 7253
6387 6470
7794 7858
7447 7533
2161 2257
514 614
3053 3093
1237 1284
2512 2513
5808 5862
1435 1493
328 423
1342 1404
3978 4064
8951 8978
6850 6939
225 264
9770 9861
4765 4831
9287 9347
1035 1043
3189 3285
6793 6818
2202 2274
3884 3905
7279 7300
8638 8676
4069 4080
8979 8983
70 78
2574 2599
6245 6341
8912 8980
1114 1133
7336 7400
1777 1794
8951 9034
9672 9680
7702 7773
591 666
875 923
8859 8879
5617 5651
3541 3576
7489 7508
5320 5386
7199 7217
6029 6095
7120 7203
1382 1475
2551 2590
706 803
7376 7416
872 910
4650 4695
1218 1315
6396 6404
8675 8724
4660 4727
5020 5028
8445 8498
5871 5912
4662 4736
2560 2602
8001 8021
2505 2509
4062 4151
6681 6705
9405 9458
1967 2040
6371 6413
9432 9477
6378 6469
820 916
6539 6617
4505 4543
7039 7080
1258 1262
3312 3351
232 265
1534 1613
3278 3344
5196 5284
5094 5153
9628 9693
324 415
2875 2933
755 823
271 296
5136 5136
5304 5331
8096 8183
9683 9750
2040 2057
464 525
3777 3856
1951 1965
9659 9732
380 398
9022 9040
3999 4075
6277 6286
7472 7551
5342 5418
3449 3460
5872 5918
6481 6484
7060 7073
36 47
602 694
7102 7144
9311 9318
7257 7341
4615 4689
3171 3223
5157 5168
3224 3286
9771 9824
3102 3119
6993 7029
2784 2809
5706 5769
1628 1643
6158 6160
7329 7372
2878 2941
6263 6283
1666 1667
5631 5704
9690 9786
6039 6081
9158 9214
9415 9478
8369 8468
3418 3438
8224 8295
782 835
6312 6400
8193 8241
8609 8672
4314 4371
3427 3454
4936 4939
5480 5563
2400 2484
3630 3718
4481 4489
691 725
3731 3811
1659 1730
4125 4151
8151 8248
672 703
955 1040
1348 1431
3895 3950
4191 4267
8066 8118
7098 7155
5485 5550
3822 3865
617 676
9104 9133
1069 1166
7810 7832
7271 7346
2036 2065
807 816
6704 6731
1479 1499
7771 7837
5403 5475
5748 5837
9724 9807
2564 2644
4461 4555
8233 8290
1773 1814
6615 6662
1046 1073
4680 4767
822 833
4709 4803
7853 7932
1856 1935
857 857
8425 8457
4258 4265
4806 4827
2597 2621
1160 1229
1182 1268
3837 3896
6089 6113
7571 7654
8551 8609
7678 7761
6111 6167
6916 7007
6213 6274
1699 1727
7345 7378
1136 1185
3352 3443
3604 3640
2397 2448
3906 3976
8356 8360
1249 1309
9288 9382
3652 3744
1425 1451
2678 2762
1165 1215
2865 2904
6781 6827
4169 4181
7088 7143
4396 4470
8011 8107
1056 1103
2554 2592
2721 2788
3076 3165
3196 3286
9591 9623
9654 9682
8259 8303
4740 4808
8544 8564
1685 1751
2133 2175
8237 8319
4724 4804
795 845
5686 5783
5487 5582
406 438
5159 5200
2570 2580
9809 9904
2459 2552
517 585
8521 8597
6962 7030
1724 1821
5810 5908
2317 2402
1552 1610
2915 2928
3843 3855
6426 6483
1499 1528
2845 2887
3925 3984
9278 9293
4605 4605
7109 7186
6322 6340
8301 8331
9724 9752
4194 4233
1874 1885
4112 4154
7281 7334
4827 4888
7933 7942
4003 4090
3019 3062
6812 6903
596 696
3224 3324
1560 1564
840 883
5623 5653
4788 4828
3276 3370
9099 9164
8195 8259
9317 9332
4124 4159
2393 2456
5675 5735
663 746
3969 4069
2230 2279
1461 1471
6479 6551
4505 4520
1361 1423
1967 2014
6064 6160
7049 7076
6108 6189
8631 8657
4038 4091
1779 1811
2273 2290
8831 8843
9220 9263
8311 8385
5585 5595
1855 1955
2464 2472
6493 6507
6500 6505
7263 7345
7919 8019
3600 3638
7033 7112
563 581
4606 4676
7275 7297
2103 2187
4084 4176
3109 3172
879 881
4867 4886
7947 8004
644 693
331 361
809 891
2886 2962
8924 8955
6843 6858
3958 3995
7797 7852
4961 4968
8580 8664
1107 1193
7952 7993
8873 8873
2041 2112
5963 5975
7839 7898
5373 5460
2845 2926
1416 1431
7676 7745
9030 9073
2104 2141
4327 4394
1738 1785
9625 9655
8538 8595
5005 5060
8672 8722
5165 5202
9771 9821
8605 8705
6638 6642
9412 9434
6791 6842
7807 7880
2525 2573
8804 8822
8667 8692
404 406
4213 4246
7837 7842
9109 9117
8554 8634
605 651
3075 3144
6481 6527
6350 6422
7232 7295
1687 1749
377 426
8763 8775
7910 7943
3939 3958
3743 3781
5809 5850
0 3
9783 9836
9828 9836
8877 8956
6209 6286
4669 4706
4222 4308
549 600
4278 4368
9688 9743
2195 2197
8986 9048
6607 6699
54 154
160 162
6160 6239
1693 1699
1058 1063
3837 3853
7865 7923
2244 2333
9461 9496
9508 9516
5675 5701
3188 3239
2233 2263
8041 8114
5740 5758
853 933
6584 6659
3196 3210
5721 5772
6908 6912
7950 7971
6628 6728
9415 9425
6755 6804
7089 7182
8693 8729
9645 9658
3070 3128
7704 7755
1572 1596
9583 9641
9069 9126
1819 1859
9281 9379
8466 8475
121 212
4466 4559
4073 4076
236 266
2390 2391
9311 9346
3345 3386
3762 3860
4625 4646
9427 9491
44 143
1784 1805
7115 7157
2222 2290
474 480
7562 7565
7223 7292
4362 4400
4906 4942
787 844
2678 2714
9237 9250
8341 8373
1166 1173
4800 4839
5458 5538
5143 5183
4950 4965
949 962
2361 2404
1782 1816
799 812
7964 8053
3993 4065
6593 6599
7341 7358
4904 4944
4789 4876
8526 8590
3500 3544
6443 6480
3745 3788
168 252
2812 2835
1143 1239
181 213
9298 9377
3963 4020
1288 1385
4098 4161
5313 5395
247 297
9351 9422
472 508
8044 8074
8694 8783
3009 3066
3140 3145
4152 4208
9049 9109
3736 3754
1467 1516
3144 3194
5200 5210
2670 2763
2828 2846
7381 7426
7016 7018
8442 8505
8344 8376
5249 5301
8273 8321
2626 2706
6649 6661
2403 2452
3883 3942
5202 5217
1362 1431
221 278
5221 5221
8581 8649
5257 5314
1371 1455
6425 6433
2109 2186
6111 6186
2891 2891
9148 9209
5995 6087
1206 1261
1544 1598
9720 9754
5299 5315
9628 9724
6920 7006
6804 6813
9626 9690
6665 6733
2961 3018
3052 3148
9357 9415
3550 3592
9705 9789
2354 2415
9310 9344
3387 3466
2893 2895
3398 3490
729 755
3615 3713
7605 7634
9369 9455
9605 9677
8449 8472
7101 7108
1917 1993
3479 3482
9206 9301
6082 6087
330 342
7087 7097
8741 8811
6667 6670
3719 3814
4641 4740
3254 3324
8447 8476
4434 4521
1250 1337
6949 6977
5314 5321
7486 7516
8680 8757
1787 1858
806 870
9506 9560
6433 6530
3318 3374
9890 9903
6179 6228
6586 6654
8400 8401
5177 5218
5260 5345
1753 1820
584 631
2979 3072
4028 4125
3062 3065
6142 6169
5356 5420
7764 7773
9116 9185
2267 2311
6830 6868
1254 1312
373 452
5310 5399
2312 2408
8546 8595
3415 3465
8740 8837
4608 4622
6386 6451
5390 5423
8315 8345
5627 5673
8833 8892
3448 3489
1552 1625
7929 7944
1266 1277
7347 7399
4225 4243
2170 2217
9491 9505
584 664
8352 8403
3730 3734
995 1018
6674 6675
7616 7626
1014 1076
2950 2995
2261 2271
4126 4198
4239 4267
6530 6544
31 98
9696 9788
1738 1740
8787 8883
5736 5831
8215 8230
7167 7266
795 819
3005 3087
7290 7359
725 771
7685 7750
6419 6470
9451 9470
7239 7327
8065 8089
5969 5993
693 777
2562 2615
6159 6192
6528 6624
1744 1817
7626 7670
3526 3604
2871 2901
4917 4966
2565 2587
2053 2145
2495 2548
5869 5880
841 883
6055 6114
4047 4103
4575 4657
1851 1927
7926 7931
5392 5471
8862 8907
3978 4002
5999 6035
714 790
6349 6383
2968 3047
2149 2164
6568 6592
9057 9067
3924 4022
606 650
6228 6297
4258 4287
1811 1875
2170 2233
3834 3869
9014 9058
4147 4212
5962 6041
3072 3086
3656 3751
6716 6765
6517 6572
2925 2969
6910 6920
2928 2997
7462 7539
9692 9781
2834 2930
3696 3739
6755 6756
1238 1336
4534 4615
4923 5012
6679 6746
4429 4471
1202 1220
6201 6257
9559 9624
8898 8926
6531 6532
5378 5448
2635 2655
1169 1217
5304 5307
6514 6566
3527 3552
6580 6654
6427 6435
3837 3896
9576 9602
3199 3266
8517 8566
4397 4461
8298 8357
9478 9498
8080 8175
4341 4412
7496 7533
1692 1784
9116 9179
2649 2716
4866 4950
1008 1029
5631 5661
590 596
1701 1757
6669 6698
4960 4961
9708 9792
4981 5022
2036 2059
3543 3578
4847 4940
6635 6721
9003 9076
2929 2938
3329 3429
8207 8299
6140 6235
1598 1675
4613 4631
1650 1722
9774 9802
3555 3620
6443 6473
6261 6351
5654 5749
9501 9531
5274 5322
5175 5224
2298 2352
9105 9150
6226 6320
770 796
9336 9418
5690 5715
5162 5211
2958 3015
9469 9521
3101 3139
8595 8688
1307 1384
9314 9332
1819 1862
3420 3519
6038 6038
1611 1686
3382 3457
3993 4024
1872 1972
9883 9919
2788 2795
7793 7878
2384 2481
5916 6001
5539 5621
8102 8195
5238 5279
6229 6289
3837 3914
1004 1016
6760 6843
9703 9720
7139 7149
7247 7290
2820 2867
1111 1143
6447 6507
635 646
4293 4294
5329 5428
6527 6530
2060 2117
2609 2620
986 1061
6451 6535
3820 3852
6388 6408
289 319
1655 1747
1190 1251
897 967
3554 3636
8638 8687
5241 5322
8429 8474
238 269
5218 5231
4763 4860
5243 5282
7524 7584
1395 1411
2302 2371
80 138
5268 5323
8375 8388
3810 3840
1907 1916
7482 7563
7017 7073
2085 2086
1570 1595
1581 1594
1845 1902
1926 1957
9636 9722
4434 4493
8617 8617
3547 3583
2850 2924
859 885
938 955
4229 4235
704 725
7128 7210
1714 1804
3655 3720
3858 3914
9482 9560
4491 4541
2883 2892
7270 7315
5026 5057
3020 3085
1908 2003
4824 4824
6015 6114
9900 9942
5371 5373
9087 9144
9003 9041
8060 8082
9279 9322
2187 2269
1233 1255
7002 7080
2393 2437
1590 1683
5026 5036
8041 8068
6412 6420
8161 8217
464 564
2304 2368
3218 3273
4645 4711
9003 9094
765 813
3010 3055
5539 5566
2728 2753
8944 8979
7228 7239
8489 8541
1986 2082
4655 4684
8580 8623
1668 1704
3546 3604
4241 4252
7011 7060
7136 7183
5254 5289
9359 9456
8442 8499
8444 8474
3021 3089
2800 2896
4318 4364
3936 3967
5220 5247
8508 8538
2551 2623
8718 8803
883 889
2236 2281
9543 9570
8238 8313
8553 8621
3268 3368
9030 9103
4332 4363
4569 4584
9042 9142
6947 7038
290 341
4247 4323
5907 5937
1601 1670
4960 5032
5330 5396
7377 7379
6776 6851
3830 3899
76 170
7179 7197
6115 6134
7109 7149
1968 2003
122 143
2587 2603
8048 8108
759 777
9166 9227
4413 4454
4339 4385
3454 3506
9596 9620
630 646
2916 2923
206 229
4648 4728
9622 9658
3938 3946
7802 7839
4263 4276
1238 1294
2075 2132
5079 5081
4239 4328
5482 5491
1411 1429
8077 8082
7611 7653
8682 8758
9830 9878
3017 3111
1745 1840
9825 9894
544 592
5503 5593
8942 8956
1848 1884
1908 2006
6967 6972
3280 3322
8191 8278
952 1026
2382 2463
1330 1365
7426 7479
2570 2655
6736 6812
2865 2927
471 530
8941 8977
6388 6410
4516 4572
3950 4026
8267 8318
1711 1795
28 48
7048 7050
6493 6565
3611 3634
345 419
4986 5078
7332 7373
183 250
107 151
1643 1742
30 68
2956 3052
8233 8276
850 931
8143 8242
5744 5782
6372 6400
1709 1715
5205 5255
3412 3455
7454 7466
9612 9643
4797 4854
6458 6504
50 133
6744 6837
4638 4639
2978 3030
8792 8797
6781 6823
3407 3426
3130 3187
9391 9456
1571 1599
612 686
7477 7481
6975 6977
636 730
7551 7565
8678 8730
2450 2468
2269 2344
8248 8310
5980 5996
7200 7261
9679 9751
5364 5413
846 900
351 371
5768 5851
5687 5764
8944 8956
6098 6112
6150 6167
4797 4846
8050 8067
6002 6092
5565 5565
4451 4499
5944 5960
3995 4088
8143 8178
4294 4353
2129 2181
868 905
3208 3224
1163 1247
4178 4257
7888 7911
6093 6176
4139 4202
1984 2070
6993 7012
1152 1239
2084 2121
8328 8330
3241 3243
6971 6977
5113 5176
3350 3365
8100 8139
5850 5928
3312 3319
124 199
8207 8228
3831 3890
9700 9791
5964 6005
3101 3126
703 742
6529 6564
6606 6626
1373 1441
7959 8038
683 724
8302 8316
1042 1130
3912 3966
1673 1761
3566 3600
121 196
0 96
2778 2877
6162 6247
3826 3882
3813 3906
5804 5835
2332 2343
3530 3553
5510 5591
6828 6859
5735 5802
4997 5081
2607 2613
5561 5657
834 881
2344 2420
7425 7477
8530 8586
930 941
4735 4816
7150 7237
6190 6190
1098 1133
6239 6316
5911 5972
2826 2841
6122 6171
6203 6274
1575 1675
9307 9368
1241 1265
8292 8324
7747 7835
465 475
3491 3536
594 594
6804 6887
4297 4352
3431 3530
9313 9398
8632 8698
1158 1178
2481 2522
3301 3361
8890 8967
1921 2019
7453 7502
7477 7511
4450 4478
6970 6986
4188 4267
6230 6230
8143 8206
1381 1404
6296 6369
7368 7387
3356 3421
2373 2413
3487 3557
9738 9834
5593 5692
1997 2060
5497 5596
4962 5028
3464 3480
2335 2335
6196 6269
7340 7362
1816 1888
6541 6573
8426 8477
558 623
2207 2239
4164 4191
3813 3861
4723 4728
8551 8629
4371 4448
1877 1966
7976 7998
988 1060
3528 3535
317 379
3317 3341
3459 3547
1283 1331
9695 9772
4816 4866
2637 2648
166 193
4972 5068
1059 1148
2333 2342
2025 2080
5428 5520
8214 8267
4920 4949
7501 7558
8246 8294
6529 6616
6744 6807
4752 4754
3454 3539
4129 4159
6202 6280
5216 5308
7328 7397
297 325
131 132
6714 6808
6559 6648
4076 4105
5983 6002
1435 1457
6593 6627
6740 6778
9236 9317
2257 2314
1518 1586
2378 2414
1086 1130
1399 1479
1795 1798
8211 8248
1183 1278
4419 4491
3496 3550
8506 8529
8691 8711
9362 9418
5019 5084
6252 6338
1344 1360
3458 3555
4625 4630
2880 2899
7770 7786
6545 6559
7458 7493
3683 3708
1049 1127
8064 8158
1503 1558
3739 3827
7925 7969
293 358
2787 2800
4020 4119
1482 1556
1776 1786
4224 4260
3008 3052
7951 8000
3713 3740
2490 2566
5818 5900
2810 2858
8065 8092
1955 2023
6846 6901
9094 9187
6905 6964
876 912
4571 4621
721 798
1844 1850
5719 5803
1413 1438
5410 5417
1958 2018
9300 9351
2457 2509
1653 1668
7814 7819
9551 9623
8098 8141
2101 2189
8032 8038
8571 8587
3127 3189
134 188
7339 7422
1067 1067
8665 8706
3731 3763
3272 3332
8967 8983
2118 2158
6503 6520
5230 5287
9278 9361
9694 9777
1118 1186
7928 7965
288 372
6826 6904
9533 9619
344 437
7192 7272
5211 5262
9373 9382
4408 4446
77 119
6098 6145
3904 3960
606 660
8738 8751
7221 7250
3122 3192
560 569
4862 4949
7980 8033
9335 9389
3921 3949
3916 3939
6286 6353
4463 4522
4662 4664
2910 2919
8197 8249
2959 2981
5582 5677
431 444
6873 6973
9059 9098
8044 8053
1601 1653
3081 3122
3723 3813
9236 9243
779 827
2174 2175
7952 7965
9389 9396
1848 1923
8915 8941
6097 6169
4892 4927
3720 3726
217 282
1925 1949
8145 8183
7631 7709
9134 9222
94 99
2198 2235
5820 5913
4513 4579
3444 3449
8193 8250
5285 5365
1371 1424
9005 9021
5711 5804
9086 9103
1233 1327
9161 9194
1995 2029
7068 7126
3086 3175
6029 6128
8981 9032
7293 7348
3184 3274
5749 5824
7561 7630
5441 5511
9799 9799
591 652
1056 1151
9869 9949
3495 3550
2513 2612
5602 5610
8298 8355
8962 8989
2887 2962
8876 8905
9321 9347
8864 8889
3317 3344
3315 3334
8827 8878
9627 9724
6559 6569
6017 6050
5246 5321
873 942
2954 2958
3410 3468
609 621
8525 8577
8200 8253
4563 4639
6126 6199
2408 2464