50 117 26 3
0 18
1 0
1 9
1 12
3 13
3 14
3 16
4 5
4 8
4 28
4 41
5 0
5 33
6 3
6 23
6 38
6 48
7 47
7 48
8 9
9 15
10 26
11 38
11 43
12 16
12 25
13 1
13 29
13 41
14 38
15 9
17 45
18 23
19 0
19 10
19 26
20 9
20 11
21 25
21 28
21 29
21 35
22 11
23 30
23 32
23 37
24 24
24 28
24 43
25 32
25 45
26 43
27 20
27 28
27 34
27 41
28 5
28 9
28 14
28 45
29 2
29 5
29 11
29 36
30 9
30 13
30 41
31 7
31 8
31 10
32 36
33 11
33 19
33 31
33 47
34 47
36 0
36 34
36 40
37 1
37 21
37 27
38 3
38 20
38 23
38 41
39 0
39 1
39 15
39 17
39 19
39 25
40 6
41 4
41 11
41 15
41 16
41 22
41 34
42 2
42 19
42 24
42 35
43 10
43 18
43 27
43 48
44 40
45 20
45 46
47 2
47 6
47 7
47 18
47 34
48 15
48 19