500 10000
1987 4912
1713 4604
1664 4195
3915 2820
4922 1849
3740 3005
4428 2699
2066 569
4723 2298
747 2971
554 3976
4823 257
1555 1317
1099 1969
1593 215
4856 3560
812 57
3470 4583
3334 2780
3992 4806
1535 2600
1296 1906
4920 3398
1055 1244
3811 4344
3565 4269
1939 2170
577 3319
2993 1523
4688 434
425 1168
1202 654
353 1260
2872 2584
4027 4910
1382 33
2842 1609
2557 2861
3778 770
3070 1736
660 4021
1433 3832
3006 2723
2798 1389
1398 117
4558 4890
2950 878
2065 4977
2318 4986
2874 3784
4260 339
3347 3711
2490 1780
4499 3464
1612 4936
1973 1078
4077 580
1722 2311
4308 1176
3117 4389
3891 2671
3966 2862
2217 1496
870 3278
2915 2892
4907 4654
663 2671
4409 4880
3452 1516
3282 991
2265 196
688 1769
3150 4099
1130 3417
997 1301
598 1776
278 4828
1477 4983
697 4461
1722 2810
1003 4964
4681 2290
2668 159
2546 1950
4764 1400
909 913
2505 3145
4401 2958
3357 531
4668 2874
580 1171
3797 2325
3328 331
1079 2522
655 3791
2207 4069
1882 331
964 855
3357 2551
370 1114
3054 4033
2924 2152
3239 4525
3243 3382
810 378
278 4566
2264 3665
4101 3183
1104 53
2557 2320
3780 3918
3271 611
4707 4302
3111 3480
1838 1159
1383 312
3703 2985
4307 1915
4507 2689
3466 345
1493 1085
4763 1184
1177 4896
2188 2437
3858 3994
1099 1997
1056 1036
1131 455
2326 3533
819 4315
911 3314
1933 1789
3275 3630
3026 525
2704 394
4013 3694
2682 1752
2653 4862
3180 2162
1045 1970
240 104
4493 3708
3307 4145
3178 2199
9 2609
1513 2550
2244 4564
4040 4164
1968 3605
4911 4139
1753 1486
2648 2663
4408 558
1046 529
4433 246
723 1610
1572 2744
285 800
2105 2479
1365 780
3632 1772
1804 436
3283 905
2711 2623
4157 2676
4017 1930
699 1837
3558 981
2415 4943
4886 3236
4077 771
4952 4124
1068 2576
1184 2308
4133 3117
2440 4313
2839 4469
3042 1975
2761 4329
4827 3902
804 4699
3493 1136
358 3146
3678 2373
596 2365
3601 2597
820 3919
321 4068
890 1063
489 4384
1868 854
2026 4330
2459 2957
4928 1641
592 403
1092 2189
4636 2255
1731 819
423 3005
604 1377
2412 4468
1652 4757
3414 623
3798 3229
62 600
2735 825
905 2796
3110 4015
1036 1720
1050 4587
4686 382
2428 964
2580 3183
1941 4256
1481 2575
2218 4362
3144 1480
3552 2446
1678 4212
1647 2308
3590 4109
3278 3440
4710 4511
935 2360
2645 93
4140 1614
2829 1119
349 3325
399 78
4053 2203
4732 2567
3493 2885
1849 3739
3419 2487
1698 3296
2447 4342
77 3635
3362 765
3194 1165
3366 1144
4896 1642
2353 3034
1512 3786
1972 4572
1407 2553
910 1482
1301 3596
2126 1773
3888 2316
2517 3660
1888 4847
452 3384
3836 409
2734 4712
4169 1378
3700 4725
4793 646
177 320
3888 1395
201 4777
596 1223
442 4834
2113 2063
1176 3966
3377 3127
2686 4522
1313 112
1201 3132
635 524
2149 4211
3115 2329
2752 3963
4191 1624
819 2534
2602 2949
2029 1353
4285 856
3047 2005
1032 4937
2432 3513
1766 4108
1698 3711
346 250
2155 2955
1822 3292
1596 782
4676 3007
1806 886
3184 3771
4444 190
3239 752
164 4410
1656 407
566 3874
1977 1720
4162 3940
1486 910
2295 1655
2923 909
1073 1890
957 3448
2390 861
195 201
1081 1083
2524 4356
1956 3160
506 1601
3636 284
4016 3313
1222 4557
1673 48
2233 3274
1927 2293
2631 523
4072 2157
2306 4457
3192 3279
933 616
4870 3019
765 3472
2624 3877
2874 1393
2679 775
4258 4496
1560 3740
1388 564
2731 4784
4238 977
1325 1512
4098 3242
4115 4887
3237 4721
2064 2960
1585 1498
1903 832
2216 1354
3830 4010
4319 87
4342 4607
3602 3291
3536 3398
2646 3463
2816 2440
2229 524
1458 1079
693 3282
3985 1639
1332 3623
831 3172
2455 323
4351 2850
925 1737
4213 1192
1602 3252
2719 2712
709 3174
7 1471
3827 506
1677 196
1569 1705
2231 964
4364 562
4331 4936
4475 520
263 3927
2804 4940
3474 820
262 412
1726 4017
4157 781
3900 241
937 396
4346 2195
1806 2032
4764 3165
2424 81
1294 1515
3318 3946
644 583
114 4375
4183 2219
1911 3472
4525 4141
1934 1207
2029 3778
2157 3012
3376 4034
732 3457
615 1690
906 1631
1551 4286
4239 4393
1296 3570
1724 679
2831 2104
4054 4732
3488 3479
1811 882
4430 3687
4616 3582
2604 1730
2786 428
187 4345
3067 2955
1818 4336
1954 3922
916 131
4211 4863
2194 542
347 1144
3513 3998
1757 2227
2898 3088
4795 4939
1424 3271
2122 2307
1149 1292
3537 2626
4578 120
3983 4793
1941 4478
2938 1261
1964 2313
3813 2200
2019 2391
4929 4913
3293 1541
3432 2609
417 3556
449 1212
110 3425
1727 1324
1123 1454
810 3574
849 3359
4910 4576
1431 4220
2180 1432
4208 3135
226 4901
2526 2101
660 2124
2985 221
3995 2907
2412 1013
3979 4476
2430 4642
3979 268
4881 3396
2758 4089
3851 3267
186 1927
2568 4159
1461 101
1385 4849
1661 4969
3752 4824
829 1175
4021 4230
718 3964
3679 2445
2504 4710
1422 2982
4756 4324
623 792
371 1644
847 55
211 4784
2 513
2730 2559
4183 719
4181 323
2205 1471
4651 3928
1369 1880
3509 3827
1848 654
2989 3543
3584 4999
513 1637
225 2315
3454 503
522 1128
4923 3572
1110 3215
2867 1383
2875 3029
4079 848
4262 544
3967 2483
2672 826
3929 3482
3749 4730
4684 1439
3478 1471
2993 1554
4521 3756
3469 1551
1120 988
3400 4056