100
4537 5111
3369 3526
55 1039
6577 7416
5262 5353
7312 7565
6056 6337
8718 9152
5482 6326
7851 8356
4848 5145
8376 8699
5108 5166
8394 8740
5320 6019
4536 4633
3821 3972
2892 3267
7392 8035
5005 5510
6615 7295
3059 3818
928 1296
3598 4227
8594 9291
3462 3551
6978 7576
7862 7935
4157 5086
1849 2091
6706 7081
2122 2392
6453 6715
2961 3912
5678 6551
2179 2315
6033 6284
2006 2537
3593 3681
3245 3541
2675 3413
5781 5872
6896 7297
7404 8196
3225 3937
8938 9915
5730 6095
589 663
8459 8501
4736 5124
7880 8596
5135 5803
8452 9366
2935 3142
4391 5322
7510 8192
3040 3759
5983 6305
281 1005
3012 3112
7924 7970
6737 6797
1274 2207
6940 7558
7551 8515
7009 7304
122 983
7459 8365
2712 2936
7926 8063
3987 4592
5522 5998
1896 2402
7806 8391
5769 6573
6079 7075
6401 7307
7534 8228
3673 4307
2172 2851
8293 8352
4878 5238
3672 4210
1548 1612
4603 5236
2256 3165
3350 4193
8666 9017
4855 4862
3882 4839
7507 7818
236 1042
5858 6564
7796 8349
4768 5743
7937 8888
4098 4795
3094 3455
51 657
5 862