4
4 0 3
1
0
3
2
2 0 1
1
0
4 0 3
1
0
3
2
1000 12 848
66 160 305 311 339 380 381
18 28 30 102 132 141 164
99 145 165 180 187 293 328 344
31 106 156 227 239 302 352 382
48 51 158 221 263
222 226 264 338
52 122 177 262 293 379
76 79 115 135 173 315 319 372
22 100 128 152
47 69 84 126 254 327
60 134 162 171 235 247 264 286
159 185 368 375
60 91 201 396
33 100 353 374 375
222 242 256 267
92 199 220 224 226 322
56 94 142 254 362
73 116 313
1 26 51 134 157 357
27 115 192 264 361
58 107 122 194 252 336 360 388 395
34 90 185 212 249 358 363
8 127 257 289 322 373
80 95 100 155 178 293 333 395
33 96 157 215 243 393
104 184 209 255 337 361
18 62 192 193 194 195 230 296 330 339 354
19 131 138 175 182 202 217 226 376
1 38 118 330
150 173 217 263 317 377
1 37 111 211 322 340 392
3 77 86 143 165 221 360
109 115 130 174 176 194
13 24 62 105 137 218 251 266 277 347 391
21 45 66 139 144 388
62 170 216 279 393
98 145 176 179 254 280 355
30 190 216 337
28 133 147 261 343
115 166 243 249 356 362
86 144 150 222 239 357
78 115 267 295 393
132 182 312
111 117 121
136 161 200 250 259 342 382
34 163 276 301 335 350 377
48 59 60 385
9 92 234 248 318 372
4 46 97 147 213 307 340
58 61 71 94 122 167 196 256
159 181 186 234 294
4 18 111 138 212 295 297 381
6 77 90 278 312
60 82 119 133 310
58 85 153 326 359
186 239 280 305 307 322 339
16 78 170 175 224 239 247 252 262 321
64 151 209 298 383
20 49 54 66 184 315 365
46 106 166 180 294 299
10 12 46 53 159 162 186 188 347 378
49 123 267 281
26 33 35 70 97 226 275 349
70 94 114 166 189 198 244 264 291 381 389
57 108 278 308 315 342
182 200 207 231 306 336 364
0 34 58 119 155 200 244 246
74 87 90 104 150 180 213 344 373
77 198 236
9 110 217 267 337
62 63 105 186 193 197 325
49 110 227 386 390
84 166 196 227 261
17 82 137 223 235 364 390
67 75 152 299 376
74 120 158 202 256
7 121 240 292 315 318
31 52 68 155 171 261 362
41 56 134 140 220 243
7 155 227 272
23 130 181 212 367
126 206 299 306 311 331 370 377
53 73 104 255 291 386
108 213 279 301 307 334 367 387
9 72 146 178 294 336 344 383
54 176 193 208
31 40 203 223 225 244
67 99 192 232
217 247 284 295
194 207 233 240 370 399
21 52 67 245 260 296
12 130 236 341 369
15 47 197 374 388
118 132 207 296 386
16 49 63 187 200 254 308 388
23 124 154 221 361 395
24 107 144 173 229 306 347 387
48 62 175 191 340 371
36 154 155 172 184 228
2 87 161 201 205 227 270 279 304
8 13 23 144 168 192 341
205 222 228 346
1 136 175 207 291
290 343 370 376
25 67 82 122 336 344 388
33 70 217 280 290
3 59 108 177 275 328
20 96 153 308 347
64 83 106 186 310 373 389
32 149 243 368 380
69 71 201 378
30 43 51 116 174 185 313 379
120 227 279
126 161 205 294 333 384
63 203 354 358
7 19 32 39 41 286
17 111 151 165 172 173 368
43 128 264 281 322 333 389 391
28 93 132 133 149 165 201 264 341
53 66 152 272 338
75 112 137 230 275 334 343 352 366 384
43 76 192 236 277 384
6 20 49 104 154 240
61 207 209 218 278 280 281
95 262 277 353
141 165 230 289 309 319
9 81 113 138 290 298
22 195 203 213 263 371
8 117 202 238 278 302
147 219 282 358
32 80 91 219 364
27 138 314 339 382
1 42 93 118 269
38 53 118 397
10 18 78 185 257 284 328
7 253 304 328 365 377
44 102 197 258 271 288 380
33 73 120 150 224 327 398
27 51 126 131 242 265 351 359
34 147 154 201 207
78 159 327 331
1 125 205 303 350 371
16 190 195 352
31 257 291 319 323
34 40 96 100
2 36 213 220 306 316 370
84 244 311
38 48 129 139 300 315 338
202 221 251 338 353
109 118 153 169 276 287 331 387
29 40 67 137 196 272
57 116 189 217 274 286
8 74 119 191 270 292
54 107 149 177 220 256 378
95 98 122 139 160 254
23 66 77 79 98 201 243 345
3 298 366 385
18 24 201 269 314
4 75 273 325
11 50 60 140 193 250
0 154 264 352
44 99 113 287 289 309
10 60 295 323
45 234 272 279 356
1 272 284
2 31 116 118 125 180 181 185 193
39 59 63 72 363 382
49 206 232 352 391
100 183 269 287
149 208 221 290 303
35 56 183 201 289 376
10 77 271 292 330
98 116 195 281 329 346
7 29 96 116 258 299 321 338 348
32 111 210 260 337 359 375
27 56 97 102 284 369 392
32 36 85 183 212 272 274 317 354 365 393
6 106 153 188
23 84 189 318 321 382 384
36 210 221 245 384
2 59 67 165 322 396
50 80 165 240 358 392 393
27 42 65 285 291 310 334
168 170 176 243 265 355
25 58 98 204 369
11 21 111 134 165 220 251 257 298 339 347
50 55 60 70 108 214 298
2 94 277 349
60 177 311 359
63 151 178 216 248 363 375
37 142 198 225 255 369 373
97 152 246 273 381
19 26 87 100 121 300 305
26 70 85 159 165 239 325 334
20 26 32 89 204
26 127 142 172 253 255 372
49 72 150 236 325
70 92 136 253
63 68 190 232 294
15 311 334 388 390
44 65 66 94 299 327 346 396
12 99 110 118 139 155 157 170 273
27 75 128 148 276 356
86 114 127 243 311 315 344 357
184 194 247 248
99 101 113 141 234 279 300 302 307
81 167 252 282 393
65 89 93 102 123 139 211 294 343 353
85 169 230 245 292 313 356
25 57 123 268 319 387
174 179 365
30 207 251 292 370
21 51 80 176 304
48 67 83 127 145 245 331
186 293 398
24 250 359 360 381
35 37 189 268 308 315 393 394
27 29 69 88 105 151
33 123 384
129 130 331 348 368 395
15 78 145 153 185 332
4 31 95 148 169 179 350 352 371 390
5 14 40 101 257 285
73 86 265 312 354
15 56 137 250
86 190 361 387
5 15 27 62 288 297 393
3 71 72 79 99 112 313 322
98 101 230 277
96 274 279
26 120 125 208 228 283
65 233 341
87 167 198 256 267
89 231 253 254 301 335 388
47 50 163 205 245 334 351 395
10 73 259 280 289 310 392 396
68 91 121 196 347
253 338 381 396
128 264 278 324
3 40 55 56 193
76 89 122 181 282 292 383
270 275 302
14 138 279
24 39 78 109 155 183 203
63 66 86 146 335 337 381
90 179 208 213 234 365
66 191 283 289 319 379 399
10 56 88 204
47 189 204 264 271 341
21 39 389 392
44 159 215 224
33 148 185 211 312 378 383
20 56 206 338 359
135 195 197 233 237 266
9 16 36 94 154 233 314 321
25 82 190 195 257 288 334 371
14 49 75 153 232 293 368
22 134 143 185 222 255 368
136 173 298 302 332
44 235 284 308 314 343 397
90 174 276 309
38 72 77 312 345
6 56 124 288 322 351 354
4 29 127 266 276 331 353 375
5 10 19 63 117 118 160 238 248
138 183 223 314 375 395
33 253 263 365 386
14 41 61 69 232 355
209 216 289 342 357
132 157 168 278 334 337
99 152 241 325
136 171 248 283
79 119 150 163 164 176 348 349
158 191 201 371 377
151 176 229 285 290 313 329 359
62 106 120 241 326
45 149 202 260 263 293 351
33 121 124 187 228 293 364 372
52 64 123 128 238 269 383
35 83 99 112 163 205 229 242 301 355
36 55 105 123 235 315 392
61 117 123 172 297 305 309 326
129 206 240 329
230 246 271 316 365
88 134 164 175 259
182 222 274 343 399
10 115 151 326 399
149 161 168 392
136 226 255 262 300 349
22 125 161 170 235 246 268 341
103 105 126 169 274 335 367
63 82 102 143 182 389 394
76 152 171 208 211 240 389 392
2 6 23 214 256 276 277
50 59 84 113 198 207 328 345 388
41 51 88 162 327 361
26 90 93
51 226 281 332
57 126 156 185 186 258 368
59 74 81 173 200 303 318
147 192 205 288
45 83 233 279 370 376 379
3 128 205 241 258 309 349 366 368
141 169 299 319 384
99 135 212
0 55 192 281
65 81 96 145
48 55 83 205
64 94 107 216 259 329 349
125 161 260 281 302
53 108 182 235
0 81 146 188 199 203
42 52 223 251 261
17 111 208 227 274 320
131 157 254 259 265
7 58 64 76 147 203 216 280 393
145 283 331
29 176 351 355
47 76 178 299 394
7 125 143 209 246 303 399
313 351 371
56 173 178 254 326
15 22 30 55 117 180 227 262 340
143 162 328 330 342 389
238 352 388
70 158 193 196 270
54 275 281 286 321 386
9 137 140 200 295 329 380
2 106 134 135 294 323
172 274 282 308 327
26 28 171 323 363
81 140 149 213 219 263 316 352 372
220 258 297 351 363
23 113 117 356 367 375
83 120 182 193 199 234 255 269 337 350
45 233 244 290
20 65 84 104
25 37 69 174 244 269 334 361
5 119 147 148 173 237 252
0 26 55 131 185
30 48 97 322 391
91 100 118 231 248 289
44 64 268 323 386
38 103 120 207 259 285
2 67 84 104 203
155 261 294 383 385 397
101 172 200
33 60 96 107 185 236
173 219 272 355 369
62 187 272 288 302 308 374
45 141 221 334
138 234 262 276 317 320 332
3 120 142 160 167 221 324 331 399
13 124 148 207 263
26 114 176 223 262 362
36 183 267 279 317 348
39 163 202 208 333
18 40 203 268 385
21 114 129 181
54 138 174 188 215 252 274 371
20 31 215
19 25 95 225 295 337
16 39 77 354 398
21 166 189 330 332
65 73 130 277
58 135 176 210 245 266 283 366
120 156 302 365 376
80 83 290 333
11 109 116 219 256 257 298 302 398
91 175 184 190 348 392
81 89 103 145 211 301 398
97 127 141 221 255 273 320 359 372
7 47 195 277 331 371
22 67 108 190 375
13 92 349
11 13 174 189 263 265 333 373 391
27 74 103 170 301 366 383
29 45 81 135 273
60 110 153 251 388
6 111 246 301 387
0 109 136 327 385
0 51 63 191 215 237 244
3 44 131 166 178
57 84 240 251 278 345 376
113 120 121 178 179 218 303
46 156 345 357 380
71 82 93 266 326 342
83 96 149 209 225 379
20 34 92 94 104 199 233 294 324 378
63 108 117 249 291 292 323
71 73 199 221
33 117 167 340 375
30 175 181 235 249 280 287 292 369 393
24 35 41 176 181 206 216 226 315 392 395
216 291 318
20 23 95 219 234 265 393
12 180 200 235 237
133 259 345
137 214 362 368 370
89 246 285 286 319 352
405 427 516 599 627 685 688
474 498 500 517 658 776
423 455 565 591 618 647 731
404 414 416 453 550 582 616 702 744
403 439 541 558 571 611 738 742 752
400 643 673 740 757 773
480 491 554 598 751
415 478 496 526
441 552 568 622 629 635 651 660 661 703 708 767
619 692 760
508 647 702 779
499 500 653 712 745
519 540 612 699 718 728 787
552 638 722 774
403 442 522 527 585 722
407 535 641 764 776
403 449 534 542 563 577 778
437 446 494 557 775
513 575 608 641 671 679 765 781
430 459 535 695 711 730 742 790
437 524 553 704
445 533 639 655 726 778
426 629 663 797
402 439 599 768
451 514 535 688 702 741
534 543 653 704 723
422 436 444 455 523 539 543 547 795 797
400 479 585 600 604 607 756 780 794
472 611 627 707 737 757 765
520 544 549 637 718
419 461 494 559 598 750 784
443 540 565 657 663
562 610 670 749
562 733 743 748 769 799
437 510 683 690 705
437 579 593 683 697 703 738
426 608 617 628 761 763
417 420 434 435 446 472 476 552 586 621 736
461 506 536 546 547 550 662 786
404 423 441 489 697 746
542 561 685 699 731
408 439 489 542 584 746 754 760
414 611 690 757
431 493 570 673 710 719
426 580 593 645 768
421 524 632 675 747 755 783
417 437 511 566 695
676 709 767
521 589 590 609 631 641 714
416 462 494 595 620 679 773
479 516 579 641 668
424 472 533 559 714 718 780
472 474 555 621 635 725 737 770
403 488 526 637 679 742
510 578 620 646 750
402 426 558 567 569 718
558 675 741 780
471 570 571 601 605 703
531 581 611 619 731 747
419 475 510 523 564 611 788
551 568 689 707 711 737
430 438 567 650 689 690 699
449 545 692 789
536 548 647 699 715 787
467 550 573 667 716 793
543 685 762 780
473 508 609 643 744
464 531 628 707
538 569 686 750 761 776
471 527 609 614 680
536 610 626 688
457 469 521 528 538 557 603 683 706 744 786
428 437 451 452 481 791 797
466 563 660 743 756
401 452 476 583 621 657 694 721
459 557 678 688 757
437 474 503 505 596 625
510 608 624 676 688 706 741
407 546 687 718
427 450 694 750 772
406 512 576 607 636 651 661 730
472 560 630 633 645 651 682 697
499 572 658 706
570 595 609 670 720 749
530 552 584 589 618 643 659 701
487 630 654 675 697 771 799
521 540 605 610 723
485 544 551 559 625 639 668 692 697 698 745
453 587 592 629 737
439 441 623 634 732 750
564 605 690 694 710 753
406 501 538 553 691 699 780
557 561 657 705
443 641 693 799
417 430 449 596 624 625
502 537 577 607 686 731
407 497 509 573 623 742
496 500 536 581 682
401 572 679 789
411 482 546 568 621 736
401 411 497 506 538 543 550 594 644 661
491 625 722 757 786
495 568 579 615 775
476 558 561 569 580
682 756 795
476 650 662 730 789
438 500 524 694 790
508 713 795
410 466 507 513 644
496 537 560 673
434 454 459 477 645 712
446 581 702 708 720 739 748
480 580 648 650
418 508 565 577 617
424 585 641 656 748
595 600 607 616 732
400 450 602 774 793 797
401 614 669 703 713
538 561 580 627 727 736
412 575 596 637 666
429 697 730 798
448 471 486 661 718
414 546 550 577 612 755 767
426 459 632 639 749 783
420 445 506 589 712 790
647 657 696 737 751 754
407 453 624 724 778
414 469 594 597 600 645 660 748 772
471 602 650 689 699 733
530 549 610 630 670 711 763
484 529 622 633 669 762
458 467 537 577 579 582 696 702
550 553 653 701 750
421 451 632 697 733
416 425 597 656 668 727
415 419 424 561 620 711 755 768 795
438 463 470 497 560 586 790
495 509 531 565 654 724 727
468 471 491 500 518
426 627 629 684 770
412 431 486 545 587 658
404 637 671 672
416 440 441 580 692 767
425 426 465 500 584 723 765
429 487 652 719
462 540 568 590 627 635 756
438 478 499 522 674 693 699
426 438 593 674
463 672 686 694 762 781
429 529 712 725 733 734 746
403 438 464 500 522 532 562 597 742 752
460 487 611
408 413 437 484 595 739
420 491 532 560 649 661 753
406 582 660 725 730
452 678 700 753
560 598 637 648 659 728 756
417 471 475 492 699 762 774
404 455 456 503 570 574 586 603 698 780
430 451 487 678 774 780
481 509 536 553 556 567 602
440 492 503 518 535 676 711 716
432 433 550 746 788
416 473 639 740 753
459 490 593 636 654 796
402 431 513 537 583 733 787
446 588 628 776 796
455 461 560 568 626 698 752
408 460 499 502 545 567 647 687 706
455 468 503 590 591 644 658 686
443 457 483 558 729
404 457 617 623 662 704 705
482 498 598 678 757 776 778
464 496 662 701 738
558 734 753
418 519 727 728 778
480 596 658 726
416 495 513 522 531 637 674 705 761 775
454 592 677 734 790
435 450 502 531 656 689 768
444 503 512 518 542 601 757
458 497 511 639 682 709 714
403 531 554 587 613 635 763 768 782
474 565 646 768
441 484 543 594 692
414 427 514 665 736
437 536 558 602 604 646 736 776
488 540 582 771 773
566 619 642 752
448 484 524 620 680 763 766
448 545 569 634 791
402 569 604 640 677 685 783
488 578 646 749
435 444 547 564 704 713
500 527 584 753
449 483 515 552 596 632 768
476 494 519 576 595 597 798
527 534 550 596 649
406 430 556 572 654 722 793
400 423 629 655 733 735
427 515 527 613 677
457 580 631 652 681 721 741
516 528 560 586 605 639
471 558 690 748 760 774
427 586 591 634 727
457 486 490 602 607 724 785
639 727 759
427 480 495 515 605
418 436 477 721
448 466 469 483 786 798
432 470 486 529 732 738
404 428 442 458 459 551 683 691 723 737
412 522 618
582 600 715 750 764
469 517 648 663 763 769 795
502 617 620 629 709 717
403 515 728
436 513 571 615 663 759
402 484 612 633 726 743
409 458 588 652 786
449 454 535 589 615 644 778 796
437 452 474 499 681
408 530 710 740 755
489 496 571 773
477 494 526 695 777
476 487 494 501 643
470 567 698 717 782
400 428 518 539 545 664 678
436 467 566 677
408 422 488 539 599 615
481 485 529 727 771 772
448 601 649 709 790
445 523 533 595 641
481 530 618 676 685
489 590 604 692
408 452 545 582
480 564 644 664 669 704
429 453 519 541 556 577
413 704 707
421 487 523 563 581 602 606 648 753 762
591 643 698 710 729
415 418 448 450 493 514 632 711 712
588 715 741 756
405 466 484 625 640
500 508 569 620 636 681 762
444 481 510 527 671 685 789
454 583 586 592 650 675 711 728 758 792
402 410 463 525 568 660 725 729 774 796
512 556 614 639 655 743
553 597 631 670
461 505 512 528 646 740
408 480 481 760
544 601 619 656 764
411 425 532 693 759
485 537 564 598 704 726
421 599 648 702 728 775
514 534 579 652 664 679 726
431 474 492 525 659 741 767 786
401 482 540 569 576
484 556 657 676
408 473 527 554 647
408 480 500 521 553 694 710
438 505 571 573 677 704 745 794
422 431 614 617 695 731 770 778
627 636 656 742
585 697 744
519 692 715 719 756
464 672 694 755 796
450 487 534 763 770
517 530 636 726 735
432 483 529 649 686 708
418 541 645 731 738 792
541 548 667 684 694 785
405 443 509 771
546 547 577 785
445 456 485 646 767 779
447 477 561 633 659 794
578 591 600 628 662
475 555 559 572 627 713 771
418 449 453 498 656
469 589 688 734
601 621 644
481 497 504 581 784 787 792
434 435 471 611 721
539 672 734 773 791
400 440 465 591 633 645
468 495 548 569 670
478 568 729 754 788
400 424 470 475 477 680 716 733 777
460 461 528 579 724 772
434 442 461 490 603
491 611 754 779
409 462 487 542 584 634 666 696 770
493 546 653 695
474 479 490 506 548 661 667 672 710
419 446 624 663 693 701
525 531 692 762
435 439 481 485 487 520 533 665 727 748
487 558 567 626 640
412 440 461 463 491 528 546 557
555 734 778
484 532 573 695 702
403 410 424 511 531 655 701 779
408 435 457 517 726 768 793
420 425 571 593 636 638 654 662 707
434 492 571 577 722
471 477 482 568 758 795
428 460 467 638 704 762
408 511 670 767
447 581 615 631 740 783
443 490 622 640 661 694 771
419 460 529 535 561 641 646 732 747
411 510 524 549 641 753
507 517 593 678
448 451 581 760
463 613 642 666 776 797
464 561 688 786 799
615 626 766 776
412 429 451 455 478 521 757
443 544 666 777
483 511 734 769 781
474 601 608 683 739
413 414 501 598 705 773
425 486 543 611 754 778 780 781 787
526 537 605 689 754 778
452 549 554 647
421 576 618 654 656 669 703 777
518 534 537 575 604 606 630 697 782
412 556 575 616 646 655
570 640 647 687 765
419 480 505 520 554 745
402 440 458 495 663 671
489 515 610 711 736 754 774 799
433 528 533 549 565 599 688 790
549 574 578 680 684 700 720 755
599 669 744 783
437 499 518 585 586 732 759 780
428 452 460 488 525 611 758 761
404 435 573 610 671
511 552 721 748
405 563 622 650 709 788
424 456 477 601 642 657 755
404 419 453 496 550 664 759
433 473 618 648 755 770 782
403 466 471 665 735 779
411 487 662 730 775
439 441 549 562 790
445 458 711 771
433 511 514 527 603 697 739
432 483 523 592 766 771
430 454 468 479 489 532 613
406 525 792
404 550 567 588
490 553 555 563 574 594 639 712 779
441 525 687 691 723 724 732 795
445 522 535 622 667 734 741 743 758 783 784
427 473 504 545 556 642 666
405 428 442 475 501 572 580 718
646 706 737 755 799
606 617 653 736 742 785
409 441 603 651 714 794
436 468 577 737 766
465 530 548 557 639 644 696 707
436 529 582 589 614 668 782
415 613 652 768
418 428 543 729
589 717 749 761 791
408 447 522 542 657 675 708
423 444 535 579 582 583 595 703 764
433 614 720 770 773
452 539 663 668 692 743 769 789
485 587 630 673 678 710 747 749
479 527 630 689
405 449 587 623 684 722 769
413 516 557 559 603 647 732
417 502 577 655 745 784 796
401 415 468 566 572 586 715 717
624 688 719 726
416 421 526 572 575 620 663 700 723 724
410 675 691 702 744 753
427 451 456 465 491 558 559 723 736
418 548 720 723
582 626 727 743 763
445 523 591 709 735 755
430 682 755 775
605 672 674 759
438 471 501 609 619 657 716
412 463 565 682 723
459 562 687 740
462 498 505 645 770
419 506 524 536 578 631 733 746
472 590 684 766 798
646 671 682 751
464 516 598 703
427 662 676 760
426 504 507 535 614 706 754
564 566 620 647 667 775
422 426 472 516 715
520 596 609 791
433 485 493 716 732 758
815 904 943 987 994
826 854 865 879 905 965 974 986
829 852 892 951 967 974
832 858 871 906 907 959 990
806 823 870 884 892 939 957 978 983
826 876 937 941 988
804 819 821 881 882 939 958 988
905 937 938 956 961 974 976
812 836 852 876 894 933
820 835 862 913 963 971 975
858 859 925 973
816 860 877 880 886 914 921 972
808 897 914 920 942 959 971 991
834 857 882 946 965
815 834 839 856 864 917 919 979
800 814 876 889 993
811 835 916 945
843 867 893 955 962 977 993
819 858 908 925 926 941 945
806 818 887 946
809 832 955
806 857 866 867 882 982
877 887 935
804 862 911 925 929 939
855 959 963 995
848 907 975 998
801 805 872 879 929 952
868 869 884 891 905 906 908 940 957 981 992
837 874 876 880 895 942 962
802 853 907 946
835 861 897 915
888 903 935 946 972 977 998
803 820 852 883 902 905 922 971 973
870 881 907 926 932
813 814 858 864 955
809 816 830 856 949 961 984
808 838 860 873 896 993
828 911 927 931 998
836 840 945 969 994
814 857 906 952 954 997 999
838 901 903 940
847 854 909 931 935 981
889 922 925 934 950 974 991
817 856 912
863 925 953 992
859 860 890 964
901 908 934 944 951 952 993 996
841 896 911 927 929 981 993
825 898 927 928 931 961 965
851 918 934 989
852 881 913 952 998
849 853 876 897 903 995
802 808 832 850 926 999
829 851 889 899 917 971 978 999
801 841 965 991 995
824 871 900 901 907 922 930
814 835 843 877 882 904 946
813 821 839 883 949 955
803 810 818 834 929 954 989
810 845 924 938 954 964 965
811 836 845 869 907 925 966
830 905 924 948 974
809 823 885 889 894 934 983
844 871 878 900 949 984
814 834 873 891 902 931 971 979
801 893 903 997
821 872 917 990
817 821 870 909 912 920 953
827 890 912 928 932
827 860 873 917 973 996
804 833 867 877 966
803 855 863 872 924 936 976
826 866 871 888 893 921 928 946 951 955 984
836 864 869 980
828 919 921 950 976
898 921 986
805 808 815 828 851 916 925
811 822 856 870 891 987
863 906 911 948 971
801 826 911 950
811 828 932 965 968
806 833 850 888 920 936 956 959 999
806 813 821 856 892 912 937 959 994
832 857 884 909 916 955 969
804 827 883 983 984
862 976 982 998
811 887 923 978 991
819 822 886 955 978 998
831 872 881 894 923 940 957 967 994
815 842 853 862 895 944
845 868 943 971 984
827 864 877 907 913 954 996
802 804 882 983 985 999
817 865 872 897 922 941 951 968
808 862 888 898 952 986
828 889 918 953
836 847 899 945 954 974
812 830 851 893 914
848 875 894 937 988
853 896 975
855 863 903 948 968 998
840 846 855 904 927 937
832 864 937 965
831 840 851 865 900 988
800 856 901 912 980 997
801 807 827 832 861 950 969
803 827 839 878 952 976
803 825 829 833 855 860 891
818 827 846 918
841 867 883 995
912 965 969 972 974 981
823 837 847 878 879 940 947 977
843 867 868 882 904 910
809 850 891 918 947 950
811 812 897 937 959
830 923 926 927 962
816 876 883 924 959
814 853 866 869 938
849 895 908 913 951
814 874 977 978 997 998
812 867 881 923 967 975
811 872 874 875 958 962 964
832 842 855 893 943 947 989
886 888 915 920 994
859 861 871 916 945 979 997
810 818 823 842 844 860 876 973 989
818 833 852 915 935 958 978
837 847 848 901 915 928 931 983
848 868 872 927 980 989
823 826 847 858
855 933
837 841 848 864 927 949 960 972
833 868 880 950 957 980
808 930 943 963 969 979
842 846 849 862 966
822 831 841 926 936 969 972
871 881 935 968 986
805 807 882 898 901 902 914 960 978 979
807 859 917 955 959
804 806 823 964 990
827 840 888 911
805 818 893 956 985 996
812 828 954 957 960 991
800 890 922 933 961 979 982
846 889 963 971
816 818 838 896 924
813 819 829 831 856 872
911 913 922
861 878 900 959 969
835 857 863 931 966
842 874 879 905 913 932 951 998
802 846 872 893 918 950 961
826 839 846 850 894 906
844 867 895 954
839 858 859 891 896 942 953
817 820 834 857 872 883 887 938
807 881 941 965
804 827 888 932 942
806 921 926
803 812 824 881 882 914 916 938 948
931 937 942 970 997
807 835 848 943 951 998
817 828 915 921 987
809 824 933 944
845 859 921 939 976
801 813 848 854 859 880 902 910 956
860 870 934 949 986
802 888 920 974 980 999
880 893 900 936
838 883 905 910 933 935 948
960 971 983 989
809 812 832 853 864 878 890 944 970 975
811 831 910 931 935
810 832 869 925
801 802 807 842 861 896 910 967
809 825 899 920 971 997
807 871 874 885 906 964 986
817 831 911 919 985
804 853 886 887 919 926 937 993
814 864 924 933 937 943 985
873 904 928 932 967 982
827 841 847 910 986 991 994
821 885 943 980
804 862 884 892 927 970 992
835 863 872 884 890
892 941 977 979
801 875 894 936 966 976 981 990
800 877 962
805 806 898 903 997 998
849 858 922 925 928 970
803 866 939 986 999
812 842 854 886 942 981
827 844 983
815 817 836 846 847 978
800 838 882 888 923 981
824 851 854 909
846 869 891 941
839 865 904 919 924 960 975 988
825 831 837 850 885 887 900 919 950 961 988
839 852 853 881 892 967 990
