1000
9259 9356
3245 3321
5849 5858
2654 2731
6802 6842
2909 2912
1339 1430
4558 4612
4266 4298
7615 7630
7104 7140
618 707
8470 8524
991 1044
514 594
4679 4709
4166 4208
4707 4716
2450 2473
3334 3381
5534 5604
950 967
7579 7638
2987 3083
9702 9778
7334 7380
2602 2640
7763 7765
2121 2173
5586 5682
4407 4501
9656 9658
4637 4722
8412 8477
654 712
9204 9252
6156 6158
9633 9691
19 73
627 716
9525 9558
7907 7945
9680 9742
6242 6317
4626 4654
7366 7436
2279 2375
342 346
218 271
7830 7923
5395 5441
7971 7984
4174 4265
9308 9308
182 252
3558 3568
2831 2928
2006 2067
8209 8287
4886 4916
3100 3138
4882 4898
798 853
2951 3041
830 898
9019 9074
2415 2443
4470 4513
7547 7614
8727 8823
684 758
2712 2806
803 896
9442 9446
1963 2059
1515 1532
8777 8874
7661 7724
2693 2735
7735 7790
6779 6852
2210 2220
4015 4070
6205 6278
5119 5169
9308 9371
16 110
9039 9078
7350 7372
144 195
4108 4141
2974 2981
6451 6460
2472 2535
7238 7271
3003 3082
3117 3161
2248 2334
2087 2088
6888 6925
7137 7186
5900 5983
2777 2825
5919 6004
8187 8255
1502 1511
5776 5801
2811 2822
9668 9694
6156 6192
814 846
4626 4679
1040 1121
7852 7947
5458 5514
6910 6920
4200 4270
6783 6785
1367 1404
2796 2894
8494 8519
8842 8918
540 590
3582 3594
2079 2100
5535 5631
4970 5018
8285 8375
2315 2370
4298 4324
7839 7891
7386 7469
5887 5985
3276 3281
957 1012
4158 4251
8178 8245
6659 6681
8864 8904
8519 8548
454 470
6232 6323
6913 6981
7155 7212
5984 6021
6109 6148
9493 9525
4462 4543
2482 2581
9835 9871
8395 8417
6348 6354
7864 7956
1234 1294
8542 8609
8144 8199
9760 9819
4809 4883
5981 6051
5623 5670
313 399
4097 4131
150 239
3620 3669
3753 3848
6593 6601
6090 6116
2182 2214
5414 5422
3913 3965
8498 8500
9070 9124
8281 8302
9260 9343
9400 9482
5663 5671
9512 9593
1498 1537
5956 6049
6532 6533
5496 5589
4105 4122
3801 3809
3299 3319
829 836
4882 4979
2921 2950
2608 2684
9379 9459
1008 1038
6399 6439
7850 7940
817 871
274 327
9151 9188
2732 2747
9158 9252
8737 8793
2256 2291
9425 9519
515 556
9318 9357
6777 6810
8005 8079
4488 4544
999 1028
977 1055
5860 5956
2383 2456
5048 5108
6782 6847
8344 8415
5630 5661
1789 1881
5995 6038
9570 9619
9283 9286
5541 5637
2477 2487
2654 2745
7660 7677
230 317
5008 5086
6866 6933
2154 2183
62 106
5824 5852
6581 6670
1434 1507
5116 5157
7195 7295
2557 2636
3831 3895
4479 4496
5110 5142
8128 8218
2191 2290
4459 4477
6868 6913
8191 8254
1489 1574
1808 1905
9593 9622
436 531
9267 9295
8568 8646
5434 5464
9091 9123
4871 4878
8862 8893
3939 3940
3203 3277
6853 6907
8182 8212
100 117
6868 6883
3065 3137
2881 2949
3760 3793
1945 2002
8264 8347
9746 9840
6635 6719
4101 4131
3055 3076
2978 3003
3953 3986
6503 6565
4482 4550
1429 1469
5422 5483
8300 8325
3154 3209
8137 8229
6505 6533
8431 8431
8040 8070
4302 4364
5421 5517
8205 8279
501 568
3242 3322
1793 1835
1417 1511
586 592
4839 4918
3477 3527
1186 1256
5158 5185
3091 3191
1667 1739
2595 2606
6584 6631
2445 2454
2269 2320
952 987
2799 2846
1783 1783
6595 6644
5443 5479
5510 5607
4949 5039
6036 6066
8606 8625
8902 8926
4483 4500
4854 4925
663 725
318 360
9893 9953
3489 3547
4202 4205
4124 4193
2379 2462
7936 8008
7049 7121
796 840
7459 7466
3620 3627
489 519
8844 8939
3383 3414
7548 7592
6237 6329
3604 3648
4185 4196
1522 1582
9414 9473
2355 2410
8870 8937
2896 2910
2475 2543
5987 6075
4713 4749
3402 3449
712 778
1326 1413
3587 3615
1213 1254
9176 9223
4002 4082
5774 5786
9236 9270
145 243
1294 1340
9086 9116
7568 7585
5308 5375
3577 3599
8162 8181
8034 8126
865 946
1106 1151
1863 1952
3543 3619
839 911
2573 2589
9265 9269
2545 2630
5540 5594
2525 2602
4004 4083
6768 6863
198 251
2434 2526
8283 8309
5781 5829
3400 3414
7436 7461
6259 6313
4495 4564
6951 6991
4949 4981
2653 2717
2055 2104
1410 1498
8308 8363
5258 5265
1879 1943
589 605
6778 6831
1729 1794
6905 6923
7093 7149
6063 6071
1539 1631
1331 1398
1877 1924
8539 8564
4064 4082
949 1038
8012 8045
6994 7073
2985 2995
3702 3728
6983 7038
31 39
3271 3291
8436 8463
1273 1277
6250 6333
6600 6693
5352 5443
4476 4522
2497 2570
9143 9143
9799 9891
3429 3508
1881 1909
3588 3631
5342 5346
8296 8323
7541 7626
4678 4725
2194 2288
286 310
458 518
1269 1331
5454 5543
6441 6464
6562 6623
5446 5453
6208 6223
1972 2036
6114 6123
9164 9254
3621 3714
4949 5013
995 1037
75 164
9482 9514
1355 1447
7215 7255
7668 7673
2383 2399
3943 4006
3607 3616
7404 7474
6034 6131
8211 8235
5173 5246
8049 8067
6876 6919
7594 7604
3596 3691
4334 4418
2514 2549
3127 3159
1150 1227
1433 1468
5651 5691
1093 1114
2280 2314
5717 5817
5670 5744
429 502
4985 4990
6575 6670
6132 6210
8846 8890
5722 5814
6124 6214
7858 7917
504 507
586 657
6238 6275
3205 3256
8433 8461
2852 2882
9137 9149
1737 1740
5337 5339
6507 6532
8414 8508
6778 6865
1209 1305
1908 1973
6397 6447
6386 6483
3299 3369
998 1036
2796 2893
3666 3737
7353 7419
1835 1845
9201 9229
7676 7764
3976 3982
3370 3412
5389 5486
2493 2532
637 680
5654 5683
1135 1209
5997 6070
4630 4665
3408 3498
3150 3158
4252 4276
5605 5606
7389 7420
5640 5689
7202 7281
6923 6975
5766 5852
1529 1624
7782 7861
2685 2693
3333 3423
8639 8665
8354 8360
712 746
5623 5723
748 823
8256 8269
4659 4663
7195 7263
4927 4943
156 205
6971 6986
4786 4832
2773 2822
1298 1390
2682 2696
4178 4185
3467 3552
8094 8145
6219 6232
1038 1133
5591 5637
7351 7445
3290 3358
7891 7956
8425 8493
507 510
1947 1997
3425 3472
8582 8651
2790 2800
198 276
8866 8951
7308 7380
6237 6271
602 636
9535 9556
699 785
4205 4209
897 952
9468 9550
4809 4817
7929 7990
7889 7909
5593 5666
5257 5276
2279 2311
3523 3608
643 673
4691 4777
3807 3831
2148 2222
144 182
9616 9671
6662 6720
3202 3215
5873 5908
6696 6770
8481 8543
3014 3081
3933 3953
8997 9085
9179 9204
4462 4559
599 620
2906 2927
2630 2694
7917 7930
7538 7544
4862 4946
4667 4758
4817 4863
221 276
8820 8915
8523 8559
535 552
2841 2920
5465 5483
8079 8138
8195 8228
2169 2195
662 669
2376 2419
5243 5336
9317 9321
5119 5190
788 790
2063 2110
9568 9573
2180 2218
5163 5211
7274 7318
6912 6936
5277 5373
3222 3311
9590 9688
5762 5853
4646 4671
1176 1257
8980 9023
6365 6443
5763 5801
360 362
3606 3677
50 93
1896 1988
2953 2971
5951 5953
7276 7331
464 507
3455 3455
3446 3499
9591 9678
7150 7209
1329 1349
7705 7782
4148 4174
2113 2212
1445 1460
4586 4647
7226 7248
4366 4427
4465 4509
7948 8002
4267 4296
2465 2534
8069 8135
1119 1200
2262 2264
4476 4575
5762 5803
3028 3039
806 845
4761 4827
1497 1575
5521 5583
1388 1422
1283 1296
3112 3127
3044 3081
1844 1879
5244 5278
2114 2138
3369 3432
8067 8073
3693 3716
312 409
6824 6886
955 1033
9434 9477
3796 3825
1740 1834
590 663
9443 9504
6590 6635
6870 6924
3237 3238
7643 7683
6336 6358
6420 6463
547 552
2955 2998
7555 7653
5682 5684
4901 4912
1366 1387
6211 6263
4651 4655
7776 7790
3661 3760
4828 4835
4393 4398
9775 9829
3931 4006
7780 7878
1544 1632
3911 3962
4127 4178
96 173
8104 8176
6518 6555
6325 6366
5719 5777
2322 2420
2859 2931
2436 2499
3550 3550
8117 8180
766 766
5047 5108
1902 1946
4173 4185
6920 6977
4214 4309
7290 7341
2740 2804
6947 6956
4848 4901
7403 7410
6010 6090
5801 5844
2446 2493
2011 2093
5988 6054
9253 9258
7118 7156
8579 8609
4160 4201
9829 9863
9180 9218
2610 2693
8844 8878
9876 9888
1241 1241
3951 3984
1992 2006
4873 4901
4629 4717
7292 7338
5959 6019
2493 2593
9570 9652
1802 1852
9119 9155
8728 8772
2334 2418
3834 3836
6928 6934
1168 1201
2555 2619
5534 5601
4666 4683
2988 3038
3074 3157
6582 6596
3609 3625
8180 8192
5611 5615
1346 1407
1695 1697
8350 8390
6291 6332
4807 4829
3272 3275
1185 1189
9322 9393
3594 3644
9307 9322
3669 3682
88 185
166 256
1668 1694
73 110
7546 7548
8156 8156
2298 2299
5939 6002
1438 1526
1586 1601
4193 4212
1777 1782
93 99
3243 3251
7258 7310
2284 2294
3290 3360
8047 8076
876 965
4080 4141
7510 7592
4150 4228
8287 8309
2589 2610
5056 5082
7944 7967
1876 1902
9300 9373
5167 5258
9313 9376
1688 1743
5385 5399
1427 1525
4845 4903
4831 4836
3898 3966
5851 5920
5294 5375
3066 3134
8070 8127
2740 2811
1317 1341
8539 8553
7433 7485
2124 2166
1885 1961
6676 6759
2697 2781
17 100
6932 7029
7601 7664
8756 8796
7450 7508
7693 7710
8898 8924
4322 4371
8256 8312
6974 7025
5418 5467
3609 3686
25 44
1610 1634
790 840
6541 6565
1217 1274
3855 3864
4075 4151
6405 6503
2882 2908
3386 3443
7861 7866
4010 4046
8362 8405
8011 8090
729 814
5505 5582
4260 4334
8988 9032
4654 4672
9272 9338
4599 4633
1924 1984
7896 7950
274 350
543 555
6907 6924
8868 8879
6012 6064
5911 5970
7683 7725
4133 4184
7057 7078
8877 8890
7139 7147
3091 3096
4091 4154
6390 6482
2160 2201
2561 2597
6315 6327
125 132
8359 8402
2284 2342
1118 1152
9302 9329
1708 1716
906 989
8731 8760
8483 8494
2701 2709
8751 8785
1711 1755
4072 4089
8601 8601
6015 6101
1696 1772
2220 2228
8452 8550
6040 6080
8053 8082
769 850
7645 7729
323 347
2666 2711
4676 4732
4434 4465
3783 3818
8216 8243
1578 1593
152 170
7221 7281
4439 4498
1333 1353
1588 1621
2685 2689
978 1050
804 836
1770 1780
3026 3087
5171 5226
8802 8828
6963 7001
4442 4480
2502 2541
4039 4041
3282 3359
9284 9335
4230 4237
8593 8616
1434 1515
5859 5871
1366 1420
5434 5502
5380 5429
4958 5021
7121 7139
1821 1825
8437 8523
5661 5671
7973 7996
4847 4885
5225 5287
6306 6339
2615 2693
8633 8644
1159 1179
9026 9048
1039 1039
6924 6982
8940 8983
6358 6450
9138 9225
8213 8242
492 592
3688 3776
8292 8316
7769 7849
2084 2102
674 747
5304 5366
103 107
7798 7860
7555 7557
5160 5220
4610 4692
9625 9703
7151 7241
9470 9560
9714 9774
2331 2421
7870 7902
6196 6266
5699 5757
9128 9148
9018 9054
5564 5656
8433 8464
3036 3117
1930 1983
3730 3781
1639 1650
5648 5669
1583 1651
1658 1666
2281 2310
3578 3616
1435 1445
8696 8706
3902 3906
460 516
6247 6280
5135 5144
8370 8408
5327 5403
2751 2754
3073 3106
620 697
3489 3494
5076 5173
9510 9596
9076 9136
9083 9092
144 236
6214 6303
6954 7032
1748 1766
2294 2381
594 651
6551 6581
2627 2689
3047 3063
2558 2567
2849 2878
7466 7517
6836 6867
3720 3820
6940 6985
6462 6499
2998 3037
7095 7114
5294 5297
9320 9399
5386 5465