500 1041 226 92
0 40
0 72
0 473
1 18
1 69
1 224
1 383
2 322
3 84
3 86
4 95
5 133
5 236
7 52
7 99
7 239
8 66
8 441
9 74
9 89
9 348
10 34
10 104
10 130
10 225
11 366
12 349
12 480
13 179
14 135
15 395
16 7
16 131
16 400
17 217
18 156
18 421
19 178
19 373
20 2
20 291
20 310
20 365
21 326
21 494
22 286
22 290
23 148
23 249
23 387
23 488
24 151
26 344
27 9
27 329
27 333
27 400
28 158
28 422
29 311
30 7
30 109
30 138
31 470
32 104
33 12
33 294
34 51
34 316
34 452
35 202
35 379
35 418
35 422
35 478
36 52
36 217
37 261
37 317
37 328
37 480
38 98
38 186
39 430
40 61
40 278
40 399
41 241
41 441
42 278
43 130
43 215
44 392
45 105
46 124
48 199
48 446
48 455
49 70
50 300
50 384
52 259
52 279
53 136
53 142
53 457
55 28
55 238
56 53
56 170
57 288
57 381
58 43
58 190
58 218
58 221
59 209
59 275
59 276
60 435
61 95
62 458
63 294
64 381
64 395
65 170
65 242
65 251
65 390
65 409
67 335
67 463
70 163
70 211
70 263
70 334
71 209
71 425
72 483
74 52
74 425
75 174
75 212
76 0
76 329
76 392
77 18
77 26
77 110
77 357
77 467
79 9
79 158
79 341
80 25
80 28
80 152
81 340
82 74
82 85
82 279
82 295
82 487
83 16
83 282
86 42
87 11
87 31
87 460
87 471
88 426
88 468
88 496
89 3
89 21
89 125
90 2
90 387
91 104
91 156
91 450
91 495
92 59
92 298
93 38
93 81
93 132
93 197
93 441
94 221
94 231
94 412
95 260
95 381
96 331
96 408
96 428
97 340
99 384
99 417
99 437
100 136
100 201
100 336
101 294
101 405
102 40
102 384
102 420
102 477
104 58
104 470
105 122
105 123
106 137
106 469
107 205
107 208
107 369
107 375
108 124
110 14
110 222
110 341
112 8
113 44
113 180
113 362
114 153
114 265
115 83
115 180
115 297
115 324
115 486
116 92
116 447
117 359
117 361
118 481
119 314
120 59
120 99
120 278
120 344
121 153
121 287
122 24
122 354
123 190
124 0
124 70
124 176
124 212
125 17
125 300
125 470
126 83
127 167
127 254
127 437
128 7
128 223
128 279
128 327
128 484
129 67
129 272
129 290
130 10
130 230
130 258
130 277
131 18
131 146
131 282
131 316
131 325
131 381
132 372
132 446
133 459
134 213
135 9
135 354
135 426
136 128
136 176
136 196
136 429
137 100
138 229
138 420
139 347
140 133
140 438
141 446
142 414
143 34
143 40
143 439
144 113
144 124
144 151
144 299
144 312
144 325
145 111
145 177
146 20
146 313
146 488
147 43
147 209
147 340
148 56
148 142
149 223
149 247
151 377
151 474
152 33
152 54
152 318
153 105
153 151
153 258
154 239
154 330
155 209
155 461
155 466
156 165
156 230
157 120
157 456
158 0
158 170
158 404
159 339
159 385
160 156
160 345
161 36
161 256
161 288
161 433
161 446
162 405
163 2
163 380
164 230
164 236
165 198
165 225
165 316
166 169
167 103
168 424
169 104
169 228
169 304
170 29
170 49
170 278
170 282
170 295
171 112
171 257
172 58
172 275
173 232
173 259
173 325
173 424
173 496
174 314
174 475
175 228
175 232
176 432
177 183
177 191
177 345
177 436
177 497
178 120
178 196
179 79
179 264
180 188
180 347
180 460
181 63
181 427
182 285
182 295
183 101
183 219
183 235
183 419
184 13
185 462
186 33
187 366
187 477
188 182
188 333
190 63
190 182
191 21
191 73
191 105
192 351
192 447
193 447
194 159
194 374
194 393
195 8
195 10
195 225
198 218
198 463
199 327
200 290
201 232
201 393
204 17
204 461
205 63
205 188
205 190
205 248
206 99
206 153
209 129
209 188
209 308
209 337
210 151
210 298
210 355
210 441
211 330
211 341
212 386
213 61
213 108
213 384
214 263
214 290
214 338
215 450
215 493
217 144
217 149
217 166
217 388
217 419
218 173
218 291
218 447
219 341
220 125
220 150
221 105
221 234
221 255
221 381
222 47
224 157
224 207
224 412
224 480
225 66
225 426
226 409
228 438
229 117
229 151
229 430
230 173
230 448
231 45
231 116
231 216
232 120
232 182
232 414
232 471
234 8
234 57
235 180
235 355
235 398
236 255
236 260
236 291
236 487
237 4
237 443
238 215
238 461
238 462
239 31
239 54
239 159
239 175
240 279
241 204
241 329
242 98
243 10
244 50
244 104
245 21
245 113
245 424
245 488
246 63
247 27
248 109
248 325
248 422
249 321
249 340
249 496
250 1
250 80
250 343
251 18
251 343
252 479
253 4
253 80
253 138
253 349
254 210
255 10
256 454
258 292
258 390
260 186
260 346
260 400
262 134
263 477
264 470
265 79
266 198
267 103
267 139
267 209
268 112
268 420
269 177
269 253
269 426
270 75
270 495
271 224
271 282
271 406
272 395
273 12
273 242
273 448
274 142
274 151
274 182
274 191
275 61
275 196
275 222
275 426
275 451
276 432
277 117
277 126
277 238
277 244
278 119
280 214
281 17
281 212
282 17
282 95
282 363
282 415
283 112
283 114
284 249
285 135
286 109
286 441
287 173
287 175
287 443
287 475
288 188
288 304
288 387
290 3
290 73
290 127
290 266
291 177
291 298
291 418
292 13
293 210
293 462
294 158
294 309
294 377
295 325
296 224
296 423
296 483
297 170
298 178
298 374
299 498
300 105
300 323
300 324
301 123
301 318
302 117
302 141
302 224
302 296
303 254
303 401
303 426
304 345
304 397
304 474
306 124
306 312
307 257
307 388
308 39
308 242
308 476
309 277
310 485
310 487
311 113
311 131
311 269
312 285
314 87
315 418
316 40
316 210
316 335
316 375
316 425
317 426
318 58
318 163
318 240
319 20
319 121
319 419
320 424
320 472
321 18
321 144
321 212
322 22
324 62
324 97
324 239
325 322
326 136
326 251
327 41
327 132
327 148
328 282
328 347
329 309
330 286
331 111
331 140
331 208
331 307
331 318
331 348
331 380
332 12
332 180
332 229
332 366
333 178
333 186
333 208
334 111
334 459
335 121
336 4
336 37
336 220
336 249
336 295
336 413
337 73
337 166
337 175
337 349
337 490
338 53
338 325
339 157
339 481
340 204
342 431
343 144
344 165
345 94
347 336
348 22
348 412
348 418
349 6
350 333
351 311
352 143
353 112
353 138
353 429
355 11
355 53
355 283
355 488
357 143
357 444
358 123
358 297
358 337
359 100
359 330
360 131
360 199
360 223
360 414
361 185
361 499
362 20
362 54
362 329
363 92
363 108
363 386
363 451
364 110
364 262
365 93
365 110
365 452
366 444
367 174
367 342
367 398
367 426
368 409
369 258
369 267
369 443
370 51
370 54
370 315
370 470
371 107
371 185
371 208
371 234
373 460
374 471
375 18
375 440
375 486
376 389
376 448
377 0
377 130
377 483
378 153
378 219
378 361
379 14
379 254
379 342
380 69
380 205
381 71
381 156
381 230
381 428
382 34
382 122
382 361
383 190
384 119
384 493
385 172
385 201
386 166
386 257
386 283
387 159
388 391
388 457
389 32
389 343
389 498
390 54
390 75
390 135
390 239
390 297
391 147
391 469
392 87
393 31
393 311
394 163
395 172
395 419
395 442
396 124
396 251
398 248
398 429
399 70
399 371
400 104
400 384
400 433
401 236
402 231
402 464
402 481
403 496
404 181
404 426
404 441
405 117
405 221
406 345
407 120
407 310
408 75
408 120
408 249
408 455
408 477
409 54
409 395
410 244
410 337
411 238
412 415
413 295
413 405
414 450
415 13
415 381
416 167
416 221
417 333
417 354
417 475
418 468
419 302
421 407
422 43
422 164
422 229
422 309
422 359
422 437
423 101
423 312
423 365
423 450
424 460
425 67
425 96
425 156
425 259
425 357
425 458
425 491
426 298
426 313
426 477
427 14
427 161
428 297
429 132
430 61
430 257
431 10
431 86
433 317
433 457
434 162
434 363
435 362
436 384
437 182
438 8
439 331
440 157
441 119
442 22
442 155
442 260
442 293
443 270
443 294
443 337
444 1
444 47
444 153
444 277
444 339
444 364
445 91
445 449
446 54
446 96
446 355
447 256
447 330
449 490
450 414
450 451
450 463
451 10
451 40
451 66
451 114
451 177
451 384
451 451
452 59
453 32
454 210
454 226
454 448
455 30
455 179
455 217
455 252
455 325
455 387
456 81
456 386
457 260
457 473
459 174
459 447
460 268
460 318
460 386
461 41
461 223
461 354
461 465
462 167
462 200
462 291
462 491
463 314
465 132
465 428
467 21
468 294
468 400
469 237
469 345
470 30
470 365
471 139
473 248
473 300
474 104
474 293
474 386
474 479
475 262
476 174
477 186
477 344
478 139
478 252
478 406
478 410
478 420
479 369
480 336
481 87
481 214
481 319
481 423
482 320
483 176
483 201
484 34
484 112
484 305
485 497
487 105
489 61
489 161
489 171
489 246
489 309
490 451
491 278
492 388
492 464
492 494
494 403
494 465
495 248
496 78
496 166
496 270
496 339
496 422
496 499
498 26
498 281
498 391
499 355