500 761 0 499
0 1
1 2
2 3
3 4
4 5
5 6
6 0
6 7
7 3
7 8
8 9
9 10
10 9
10 11
11 12
12 13
13 7
13 14
14 15
15 16
16 17
17 4
17 18
18 12
18 19
19 20
20 11
20 21
21 22
22 23
23 24
24 25
25 3
25 26
26 27
27 25
27 28
28 14
28 29
29 30
30 31
31 32
32 11
32 33
33 1
33 34
34 35
35 7
35 36
36 37
37 38
38 0
38 39
39 40
40 0
40 41
41 42
42 43
43 6
43 44
44 17
44 45
45 46
46 40
46 47
47 48
48 16
48 49
49 50
50 51
51 52
52 48
52 53
53 39
53 54
54 55
55 51
55 56
56 7
56 57
57 58
58 5
58 59
59 60
60 1
60 61
61 62
62 63
63 44
63 64
64 29
64 65
65 66
66 67
67 68
68 69
69 70
70 71
71 7
71 72
72 16
72 73
73 74
74 37
74 75
75 47
75 76
76 55
76 77
77 78
78 79
79 78
79 80
80 45
80 81
81 82
82 4
82 83
83 45
83 84
84 29
84 85
85 61
85 86
86 75
86 87
87 88
88 89
89 90
90 91
91 84
91 92
92 24
92 93
93 43
93 94
94 95
95 20
95 96
96 47
96 97
97 98
98 99
99 90
99 100
100 101
101 5
101 102
102 103
103 104
104 25
104 105
105 27
105 106
106 71
106 107
107 108
108 109
109 97
109 110
110 45
110 111
111 112
112 108
112 113
113 114
114 115
115 116
116 117
117 79
117 118
118 119
119 3
119 120
120 61
120 121
121 122
122 81
122 123
123 77
123 124
124 93
124 125
125 111
125 126
126 127
127 98
127 128
128 31
128 129
129 17
129 130
130 127
130 131
131 132
132 133
133 129
133 134
134 135
135 136
136 137
137 138
138 139
139 140
140 118
140 141
141 17
141 142
142 92
142 143
143 144
144 17
144 145
145 26
145 146
146 147
147 93
147 148
148 66
148 149
149 33
149 150
150 151
151 131
151 152
152 153
153 15
153 154
154 141
154 155
155 156
156 157
157 69
157 158
158 159
159 106
159 160
160 70
160 161
161 162
162 28
162 163
163 164
164 65
164 165
165 127
165 166
166 167
167 108
167 168
168 83
168 169
169 170
170 18
170 171
171 172
172 4
172 173
173 52
173 174
174 41
174 175
175 5
175 176
176 177
177 178
178 179
179 154
179 180
180 181
181 11
181 182
182 32
182 183
183 4
183 184
184 185
185 178
185 186
186 187
187 87
187 188
188 189
189 190
190 66
190 191
191 45
191 192
192 193
193 194
194 115
194 195
195 196
196 11
196 197
197 198
198 189
198 199
199 148
199 200
200 201
201 118
201 202
202 203
203 204
204 205
205 108
205 206
206 207
207 208
208 209
209 176
209 210
210 124
210 211
211 212
212 213
213 214
214 183
214 215
215 197
215 216
216 58
216 217
217 218
218 48
218 219
219 123
219 220
220 151
220 221
221 78
221 222
222 223
223 224
224 225
225 136
225 226
226 1
226 227
227 6
227 228
228 42
228 229
229 230
230 231
231 68
231 232
232 131
232 233
233 234
234 214
234 235
235 236
236 56
236 237
237 238
238 95
238 239
239 75
239 240
240 128
240 241
241 242
242 243
243 186
243 244
244 220
244 245
245 246
246 200
246 247
247 248
248 5
248 249
249 250
250 128
250 251
251 252
252 253
253 254
254 229
254 255
255 178
255 256
256 257
257 183
257 258
258 259
259 99
259 260
260 119
260 261
261 262
262 263
263 264
264 265
265 266
266 78
266 267
267 234
267 268
268 9
268 269
269 270
270 17
270 271
271 108
271 272
272 273
273 227
273 274
274 249
274 275
275 276
276 277
277 278
278 279
279 68
279 280
280 2
280 281
281 32
281 282
282 69
282 283
283 284
284 285
285 104
285 286
286 104
286 287
287 89
287 288
288 289
289 63
289 290
290 276
290 291
291 292
292 293
293 294
294 210
294 295
295 296
296 179
296 297
297 298
298 299
299 282
299 300
300 53
300 301
301 120
301 302
302 303
303 304
304 194
304 305
305 56
305 306
306 138
306 307
307 308
308 44
308 309
309 107
309 310
310 311
311 141
311 312
312 313
313 180
313 314
314 315
315 75
315 316
316 317
317 318
318 19
318 319
319 320
320 321
321 98
321 322
322 280
322 323
323 111
323 324
324 139
324 325
325 69
325 326
326 223
326 327
327 99
327 328
328 329
329 187
329 330
330 253
330 331
331 332
332 127
332 333
333 13
333 334
334 335
335 336
336 210
336 337
337 272
337 338
338 339
339 133
339 340
340 107
340 341
341 342
342 305
342 343
343 344
344 345
345 234
345 346
346 347
347 348
348 307
348 349
349 0
349 350
350 156
350 351
351 352
352 287
352 353
353 40
353 354
354 355
355 356
356 51
356 357
357 358
358 359
359 360
360 361
361 362
362 108
362 363
363 364
364 206
364 365
365 366
366 367
367 44
367 368
368 94
368 369
369 247
369 370
370 30
370 371
371 372
372 373
373 343
373 374
374 163
374 375
375 215
375 376
376 268
376 377
377 4
377 378
378 379
379 380
380 381
381 382
382 383
383 245
383 384
384 230
384 385
385 139
385 386
386 232
386 387
387 190
387 388
388 389
389 390
390 60
390 391
391 392
392 393
393 394
394 351
394 395
395 201
395 396
396 71
396 397
397 248
397 398
398 380
398 399
399 361
399 400
400 377
400 401
401 118
401 402
402 394
402 403
403 98
403 404
404 405
405 406
406 173
406 407
407 290
407 408
408 409
409 410
410 228
410 411
411 173
411 412
412 413
413 414
414 415
415 16
415 416
416 417
417 69
417 418
418 419
419 420
420 326
420 421
421 278
421 422
422 423
423 371
423 424
424 425
425 130
425 426
426 287
426 427
427 428
428 81
428 429
429 356
429 430
430 431
431 34
431 432
432 433
433 434
434 337
434 435
435 436
436 437
437 438
438 384
438 439
439 380
439 440
440 229
440 441
441 442
442 207
442 443
443 444
444 38
444 445
445 371
445 446
446 447
447 65
447 448
448 449
449 169
449 450
450 381
450 451
451 32
451 452
452 251
452 453
453 269
453 454
454 455
455 304
455 456
456 457
457 458
458 237
458 459
459 460
460 461
461 462
462 40
462 463
463 464
464 258
464 465
465 400
465 466
466 269
466 467
467 165
467 468
468 74
468 469
469 337
469 470
470 329
470 471
471 472
472 211
472 473
473 474
474 475
475 476
476 238
476 477
477 478
478 479
479 361
479 480
480 416
480 481
481 454
481 482
482 483
483 484
484 485
485 486
486 487
487 488
488 96
488 489
489 102
489 490
490 398
490 491
491 95
491 492
492 493
493 494
494 410
494 495
495 43
495 496
496 231
496 497
497 498
498 426
498 499