1000 10000
3592 1586
333 2074
3218 1
2297 3911
1649 4802
1669 4605
3241 3957
2006 3894
3527 245
2255 121
2628 395
3050 1108
2065 4595
3365 131
4724 3762
3441 2856
1390 405
800 1598
2357 1373
1962 2982
3723 2311
2829 51
3233 3509
2613 4781
2552 2556
1437 4531
4299 1630
417 3917
2593 3567
2912 55
4791 4797
3594 4645
627 42
1554 2007
3655 1889
9 2884
2653 1914
4893 3656
1725 2094
3748 831
3744 611
555 2000
4672 751
806 3731
541 7
2499 2342
544 649
4784 3220
3864 2687
4027 1627
3655 4437
2483 3200
1131 4873
3276 4000
3906 2407
1343 606
1453 4021
1898 1107
464 4190
218 48
3538 868
3597 1659
2101 1879
1331 985
3985 2857
173 3520
4253 4323
1900 2273
670 282
3284 4400
4153 3985
559 3836
4439 435
471 1270
867 4451
206 2456
4867 4273
3180 3374
3429 4726
3040 561
3089 3766
371 3522
4308 4366
3504 525
793 4980
917 791
4711 1163
3387 2319
3850 3153
3140 3712
3431 332
4730 3246
470 2339
2152 4842
1714 1554
3577 2110
2785 320
78 2982
4077 1036
3988 1035
4403 1702
4559 3634
3774 3833
3332 4892
609 2130
356 906
5 268
3436 3085
3183 1688
4106 4383
4718 4921
648 3270
1822 183
1326 1607
2694 3267
3203 408
1806 1807
1647 2587
1118 1877
1192 44
4977 3722
3379 4226
2014 4891
937 3281
3162 4126
967 4177
4692 4588
2685 2374
1176 4786
574 1292
2365 4467
762 3059
654 2828
3735 2089
2306 2162
41 2863
1956 3377
1385 1535
676 4405
2464 2339
3198 4849
3034 3834
4194 2313
4842 747
2003 1035
2997 3067
1799 4741
3240 2203
1313 3325
837 2797
3803 3196
4619 4526
4632 4526
1399 4729
2605 3698
2298 661
3813 4398
794 4801
3030 4210
1339 732
2917 1153
3899 2160
3480 4155
1546 4955
2039 1076
3130 4110
4344 4428
3580 4431
1370 4766
695 2548
1284 188
2095 643
2156 706
3787 4393
3444 2078
1933 4927
788 1653
2151 3498
153 3502
2759 3131
4740 3911
1487 4782
2418 928
4780 2280
2494 1270
321 2768
3017 239
2805 1530
4028 1211
259 3711
4608 1243
2419 2333
3552 2956
2459 3029
3194 3634
4547 78
2328 4886
2499 4667
1241 3548
59 2260
3530 2429
1254 747
2158 2337
4400 4474
2382 3052
863 958
1964 636
2656 1108
4975 4765
995 2619
2639 4447
267 64
4685 3842
921 4265
3695 3101
3325 453
3293 2027
3069 4621
987 2432
152 3644
1552 4674
2220 2206
3352 3653
648 12
2224 807
3749 1865
14 4860
4247 3164
4522 2989
4941 4871
1353 2783
2470 2266
1661 3540
833 3151
4655 4302
2008 524
3662 4478
4777 3141
2112 2177
1202 4694
1697 2541
474 4297
3802 2634
2297 1800
4175 1869
4073 2662
3085 3486
380 1314
575 2134
1086 2242
1823 2717
4073 190
2848 4884
457 3046
290 1373
930 2731
781 274
793 64
62 4847
1382 1498
2034 2890
2201 2557
4561 2970
2158 2125
1628 2155
1059 4457
3137 2348
4532 1255
37 1764
3238 478
1277 4458
3356 2885
1504 698
2698 4880
3956 1789
682 1125
764 47
2753 1216
2671 4424
3325 3783
4784 4847
3524 4445
4317 4906
3844 2060
2154 4002
3336 3664
4882 3527
4540 3657
3455 4433
966 2391
3634 2241
1854 3219
276 1945
1647 1523
2527 794
3232 3803
2477 24
1534 924
3204 2882
4520 4747
3850 1003
4615 2688
3837 806
1423 1985
4109 728
2397 1645
452 6
1887 1942
2746 3625
2605 4342
1595 491
3875 930
3886 2503
4172 4659
2296 4043
3193 2788
1913 4749
1910 446
2875 4329
2988 354
2840 3812
3751 2160
304 1506
3248 889
2396 70
386 3724
278 2450
2939 4475
2873 2782
1576 2481
3644 1584
257 1826
475 1494
1047 3104
1150 404
2326 2030
669 4262
1073 485
699 3499
3403 3765
1731 3535
4470 173
1486 472
4189 2398
4011 4485
3170 228
980 667
587 3761
4389 4421
2853 3590
1980 3956
3264 2137
2994 4882
495 3813
2236 1586
3820 4496
2227 1376
140 1483
250 1275
2233 1257
632 380
4093 1337
2760 1004
4936 2120
4426 3109
1176 3826
491 391
495 4338
2034 459
3022 252
4522 37
2909 4168
3560 4451
1323 4850
1597 3052
4315 2392
267 2142
583 703
4632 4471
2164 3209
4055 1740
3344 361
962 1924
1558 2100
575 733
2038 4187
760 4376
4990 269
1145 3179
335 1246
2126 1377
545 887
1513 602
140 3853
4514 4342
2505 3268
1078 4114
22 844
4715 3177
666 4003
3262 3685
2270 2575
2560 312
3302 2186
4799 3012
727 1730
4658 1181
1785 4079
4060 2775
1983 1924
3435 1390
2451 734
3134 3668
1444 4436
1496 537
1569 3435
1156 428
4197 654
2319 2469
4979 4870
205 4517
2435 1745
138 1415
2509 3653
3659 4255
3381 1949
2199 2460
852 3667
1226 3510
386 2603
2266 2931
3523 3351
3983 1793
3079 4114
4977 3429
4170 1990
4255 1485
443 721
108 3235
3194 2757
4949 2601
2207 4700
4473 4451
3416 816
3859 111
211 927
3811 2681
932 4615
2315 3058
3012 610
4218 3523
4491 2928
24 4073
2393 2363
403 1419
2285 1925
1562 1562
425 47
1782 2237
2173 1034
1177 910
3418 3240
3461 1995
3857 855
2710 1785
2439 971
1481 816
2790 4795
3984 1068
2037 1679
4407 2326
4386 669
2941 1967
62 2599
2544 1688
3661 3510
3720 2156
1414 3670
3145 4407
1711 3222
3967 3507
2229 2860
462 3329
3994 873
1094 2540
3480 3322
4792 4378
1332 53
1543 3236
1295 4910
3572 3394
2589 2616
4193 4618
1933 3341
83 1789
3052 939
4664 4834
682 2934
2433 3485
1744 830
966 1828
4979 2576
761 4437
24 471
943 3800
4723 49
3929 4966
2421 2727
392 1057
502 1568
1559 3001
2888 4283
306 3913
3533 4525
2206 1858
884 3962
3972 113
2018 1039
4635 2905
358 275
1486 3756
657 1912
4882 2988
2733 3139
2582 1114
3534 2513
2735 4716
279 44
3781 2295
2691 4127
3245 4045
2301 4501
4006 781
1447 2939
755 4002
1443 4133
900 1669
4804 3648
4579 1729
4502 107
169 3351
2595 4614
4330 4284
4333 2973
783 1421
36 411
3521 3126
4593 254
670 3052
971 863
1883 4059
4387 1485
2581 1537
1830 4978
395 745
1020 496
4669 1591
4510 1134
730 553
3577 984
4990 4739
1206 1897
3600 103
2393 3867
227 3677
4399 3266
736 4144
2808 2024
3267 1154
4720 2346
3175 3910
3866 4848
2892 3434
4413 1840
1804 4574
4272 251
4548 1753
2866 853
733 2840
1966 4026
974 2142
1527 999
2995 1228
1005 1161
3063 4835
1208 1733
4223 4690
2474 3476
3206 2302
4080 320
4606 1855
1246 2983
428 2985
772 1014
3748 2893
4271 2490
2576 1100
2112 3453
926 4630
4434 2404
2452 3233
100 3621
1791 1477
2713 2132
1375 440
4858 1989
603 4752
3392 2943
4160 3155
3262 1334
4477 4669
1593 96
3562 1529
3020 4359
868 1495
3999 1593
2828 827
3228 2270
203 3276
2161 3605
4232 4963
4042 1957
4283 4411
4720 1268
2057 3789
2036 1933
4685 4077
3954 1788
2408 4812
4393 2501
2536 3583
2507 1451
3771 705
994 3013
364 1013
3031 2264
2171 1035
4304 194
3822 2102
1637 3966
721 2403
4403 539
1912 1756
2909 812
3626 3142
3582 4797
4434 1414
1712 1577
148 4704
3574 2943
679 1018
463 2713
1597 1130
2490 2118
3469 3424
2997 2440
1220 838
4603 3623
3828 1390
340 1885
3112 3152
4204 3043
1012 1255
1872 4833
2939 1341
4879 3245
2490 2100
517 2073
4090 1234
1460 3614
4300 62
2079 365
2353 2827
713 4260
3695 4334
2387 535
651 3857
4042 4440
258 4752
1481 4371
1039 1194
3720 1727
2621 3312
1911 4392
4801 2198
989 2270
849 2840
727 1657
2771 2971
703 3919
2568 574
2095 3674
1453 2945
2320 1150
1322 2459
3699 1946
1200 2311
2385 1007
1052 2249
660 3732
4454 51
1331 4492
1567 2944
3866 597
2356 1665
1982 93
1310 1699
4814 3030
1355 3649
2812 2395
4701 475
3360 3105
987 1391
2188 960
1293 4869
2378 507
1431 1702
996 350
4697 1763
3441 2771
2955 1770
2278 3313
3428 1698
1161 1435
1150 3599
3080 2499
104 1884
4855 326
3496 3897
921 1433
2741 4436
4033 1955
3229 345
4342 1534
148 2082
1597 3563
3627 659
732 3273
3381 2381
1852 4347
4649 2513
4925 1618
204 713
187 390
1426 2491
4635 16
2181 1727
1574 3189
410 2153
1979 3874
1041 1815
56 1259
2235 4322
682 1944
4055 4416
635 2364
674 2072
941 4153
3808 2306
1186 931
1142 3505
3183 4309
3845 821
84 3445
4925 3208
636 3610
1855 1752
2485 2477
3899 1025
4832 4355
1757 972
4483 3291
4586 1389
4057 2655
266 378
2451 3126
3667 41
2142 4122
3621 519
2470 995
2127 2242
2494 2689
120 2297
4321 538
1618 22
2053 2913
3838 126
3082 624
906 1256
917 1143
1746 2162
3969 2322
2856 2558
656 4391
827 2707
1137 4504
4799 732
884 2775
3949 4023
2408 3255
666 4188
560 3104
1929 1837
3096 1291
3678 4225
1412 3901
1223 2173
2088 3597
2238 3046
4538 1171
3307 4358
2295 753
2162 4417
4439 1559
2958 2416
4958 987
3810 2634
4579 1538
1721 1453
3729 1553
879 4630
966 154
4854 2728
185 3143
732 4101
545 3097
4847 811
2330 373
3723 2159
1362 957
4254 1033
2598 4923
1872 1952
4606 640
908 2329
4133 1243
2026 4578
1031 2343
2691 2939
4634 840
3962 1651
4299 3163
3236 845
4446 4686
2165 2640
1812 4540
3309 4894
4549 2263
312 3074
2035 2737
2513 2230
3699 3554
2560 3631
2262 1162
2875 2006
3439 1530
4659 3930
3105 2677
4685 4198
4930 3652
434 1494
826 79
268 1018
4838 1649
1129 2376
166 2737
3146 949
3222 4354
2773 3941
2853 1312
4585 2820
3215 2594
1064 2876
2960 772
988 1608
2635 1980
252 3447
3156 1583
3864 249
1674 1768
3920 3181
2698 4406
4397 201
3493 4520
4745 3728
3155 4673
1211 3302
3451 1277
4436 4607
3248 711
558 1741
3172 229
702 1091
3821 591
4959 3182
2281 4120
4689 2684
1132 916
1096 2019
3866 234
4770 4704
2753 1333
1579 4122
2312 4361
2970 4887
122 889
279 92
945 1594
1613 1933
3098 3917
561 3002
825 1666
4837 3503
4599 3331
1354 4615
4964 3511
2517 726
2757 1027
2107 655
858 966
1067 1177
2627 2836
4506 4557
1241 4144
1779 4576
3630 4228
383 2912
1404 2274
1710 382
1057 149
961 1142
2849 573
1471 2670
1417 4110
1383 1796
4679 3780
4085 1582
4434 2131
916 3688
1035 2183
3025 2158
2517 4366
4983 1642
3429 4883
4174 2207
4346 3694
1019 2422
4348 2790
1962 2145
3613 953
3506 150
1362 631
4513 1877
3935 2608
4978 615
743 1813
4534 4153
2993 4345
4058 4381
2391 599
4658 2736
1677 518
4996 1013
1998 846
21 2254
456 46
532 593
3269 1169
4849 3259
3099 1340
519 2333
1096 174
3238 2889
4362 816
2710 1367
380 1788
1793 1478
984 4226
4654 4756
3363 2163
1383 4651
2176 1081
793 216
4533 1590
457 2136
1531 2346
3046 3152
330 3720
1641 827
458 32
2976 2830
1713 3148
3744 4583
872 3343
4375 2767
2454 481
4730 4026
137 2365
3003 752
440 1358